Index,KernelName,gpu-id,grd,wgr,lds,scr,arch_vgpr,accum_vgpr,sgpr,wave_size,SQ_ACTIVE_INST_MISC,SQ_ACTIVE_INST_FLAT,SQ_INST_CYCLES_VMEM_WR,SQ_INST_CYCLES_VMEM_RD,SQ_INST_CYCLES_SMEM,SQ_INST_CYCLES_SALU,SQ_THREAD_CYCLES_VALU,SQ_IFETCH,TCP_TCC_WRITE_REQ_sum,TCP_TCC_ATOMIC_WITH_RET_REQ_sum,TCP_TCC_ATOMIC_WITHOUT_RET_REQ_sum,TCP_TCC_NC_READ_REQ_sum,TA_FLAT_WAVEFRONTS_sum,TA_FLAT_READ_WAVEFRONTS_sum,SPI_RA_BAR_CU_FULL_CSN,SPI_RA_TGLIM_CU_FULL_CSN,TCC_EA_ATOMIC_sum,TCC_EA_RDREQ_sum,TCC_EA_RDREQ_32B_sum,TCC_EA_RD_UNCACHED_32B_sum,wave_size_1,TCC_EA_RDREQ_IO_CREDIT_STALL[0],TCC_EA_RDREQ_LEVEL[0],TCC_EA_WRREQ[0],TCC_EA_WRREQ_64B[0],TCC_EA_RDREQ_IO_CREDIT_STALL[1],TCC_EA_RDREQ_LEVEL[1],TCC_EA_WRREQ[1],TCC_EA_WRREQ_64B[1],TCC_EA_RDREQ_IO_CREDIT_STALL[2],TCC_EA_RDREQ_LEVEL[2],TCC_EA_WRREQ[2],TCC_EA_WRREQ_64B[2],TCC_EA_RDREQ_IO_CREDIT_STALL[3],TCC_EA_RDREQ_LEVEL[3],TCC_EA_WRREQ[3],TCC_EA_WRREQ_64B[3],TCC_EA_RDREQ_IO_CREDIT_STALL[4],TCC_EA_RDREQ_LEVEL[4],TCC_EA_WRREQ[4],TCC_EA_WRREQ_64B[4],TCC_EA_RDREQ_IO_CREDIT_STALL[5],TCC_EA_RDREQ_LEVEL[5],TCC_EA_WRREQ[5],TCC_EA_WRREQ_64B[5],TCC_EA_RDREQ_IO_CREDIT_STALL[6],TCC_EA_RDREQ_LEVEL[6],TCC_EA_WRREQ[6],TCC_EA_WRREQ_64B[6],TCC_EA_RDREQ_IO_CREDIT_STALL[7],TCC_EA_RDREQ_LEVEL[7],TCC_EA_WRREQ[7],TCC_EA_WRREQ_64B[7],TCC_EA_RDREQ_IO_CREDIT_STALL[8],TCC_EA_RDREQ_LEVEL[8],TCC_EA_WRREQ[8],TCC_EA_WRREQ_64B[8],TCC_EA_RDREQ_IO_CREDIT_STALL[9],TCC_EA_RDREQ_LEVEL[9],TCC_EA_WRREQ[9],TCC_EA_WRREQ_64B[9],TCC_EA_RDREQ_IO_CREDIT_STALL[10],TCC_EA_RDREQ_LEVEL[10],TCC_EA_WRREQ[10],TCC_EA_WRREQ_64B[10],TCC_EA_RDREQ_IO_CREDIT_STALL[11],TCC_EA_RDREQ_LEVEL[11],TCC_EA_WRREQ[11],TCC_EA_WRREQ_64B[11],TCC_EA_RDREQ_IO_CREDIT_STALL[12],TCC_EA_RDREQ_LEVEL[12],TCC_EA_WRREQ[12],TCC_EA_WRREQ_64B[12],TCC_EA_RDREQ_IO_CREDIT_STALL[13],TCC_EA_RDREQ_LEVEL[13],TCC_EA_WRREQ[13],TCC_EA_WRREQ_64B[13],TCC_EA_RDREQ_IO_CREDIT_STALL[14],TCC_EA_RDREQ_LEVEL[14],TCC_EA_WRREQ[14],TCC_EA_WRREQ_64B[14],TCC_EA_RDREQ_IO_CREDIT_STALL[15],TCC_EA_RDREQ_LEVEL[15],TCC_EA_WRREQ[15],TCC_EA_WRREQ_64B[15],TCC_EA_RDREQ_IO_CREDIT_STALL[16],TCC_EA_RDREQ_LEVEL[16],TCC_EA_WRREQ[16],TCC_EA_WRREQ_64B[16],TCC_EA_RDREQ_IO_CREDIT_STALL[17],TCC_EA_RDREQ_LEVEL[17],TCC_EA_WRREQ[17],TCC_EA_WRREQ_64B[17],TCC_EA_RDREQ_IO_CREDIT_STALL[18],TCC_EA_RDREQ_LEVEL[18],TCC_EA_WRREQ[18],TCC_EA_WRREQ_64B[18],TCC_EA_RDREQ_IO_CREDIT_STALL[19],TCC_EA_RDREQ_LEVEL[19],TCC_EA_WRREQ[19],TCC_EA_WRREQ_64B[19],TCC_EA_RDREQ_IO_CREDIT_STALL[20],TCC_EA_RDREQ_LEVEL[20],TCC_EA_WRREQ[20],TCC_EA_WRREQ_64B[20],TCC_EA_RDREQ_IO_CREDIT_STALL[21],TCC_EA_RDREQ_LEVEL[21],TCC_EA_WRREQ[21],TCC_EA_WRREQ_64B[21],TCC_EA_RDREQ_IO_CREDIT_STALL[22],TCC_EA_RDREQ_LEVEL[22],TCC_EA_WRREQ[22],TCC_EA_WRREQ_64B[22],TCC_EA_RDREQ_IO_CREDIT_STALL[23],TCC_EA_RDREQ_LEVEL[23],TCC_EA_WRREQ[23],TCC_EA_WRREQ_64B[23],TCC_EA_RDREQ_IO_CREDIT_STALL[24],TCC_EA_RDREQ_LEVEL[24],TCC_EA_WRREQ[24],TCC_EA_WRREQ_64B[24],TCC_EA_RDREQ_IO_CREDIT_STALL[25],TCC_EA_RDREQ_LEVEL[25],TCC_EA_WRREQ[25],TCC_EA_WRREQ_64B[25],TCC_EA_RDREQ_IO_CREDIT_STALL[26],TCC_EA_RDREQ_LEVEL[26],TCC_EA_WRREQ[26],TCC_EA_WRREQ_64B[26],TCC_EA_RDREQ_IO_CREDIT_STALL[27],TCC_EA_RDREQ_LEVEL[27],TCC_EA_WRREQ[27],TCC_EA_WRREQ_64B[27],TCC_EA_RDREQ_IO_CREDIT_STALL[28],TCC_EA_RDREQ_LEVEL[28],TCC_EA_WRREQ[28],TCC_EA_WRREQ_64B[28],TCC_EA_RDREQ_IO_CREDIT_STALL[29],TCC_EA_RDREQ_LEVEL[29],TCC_EA_WRREQ[29],TCC_EA_WRREQ_64B[29],TCC_EA_RDREQ_IO_CREDIT_STALL[30],TCC_EA_RDREQ_LEVEL[30],TCC_EA_WRREQ[30],TCC_EA_WRREQ_64B[30],TCC_EA_RDREQ_IO_CREDIT_STALL[31],TCC_EA_RDREQ_LEVEL[31],TCC_EA_WRREQ[31],TCC_EA_WRREQ_64B[31],wave_size_2,SQC_TC_DATA_ATOMIC_REQ,SQC_TC_STALL,SQC_TC_REQ,SQC_DCACHE_REQ_READ_16,SQC_ICACHE_REQ,SQC_ICACHE_HITS,SQC_ICACHE_MISSES,SQC_ICACHE_MISSES_DUPLICATE,GRBM_SPI_BUSY,TCP_READ_TAGCONFLICT_STALL_CYCLES_sum,TCP_WRITE_TAGCONFLICT_STALL_CYCLES_sum,TCP_ATOMIC_TAGCONFLICT_STALL_CYCLES_sum,TCP_TA_TCP_STATE_READ_sum,TA_BUFFER_READ_WAVEFRONTS_sum,TA_BUFFER_WRITE_WAVEFRONTS_sum,TD_COALESCABLE_WAVEFRONT_sum,TD_LOAD_WAVEFRONT_sum,SPI_CSN_NUM_THREADGROUPS,SPI_CSN_WAVE,CPC_CPC_TCIU_BUSY,CPC_CPC_TCIU_IDLE,CPF_CPF_TCIU_BUSY,CPF_CPF_TCIU_STALL,TCC_NC_REQ_sum,TCC_UC_REQ_sum,TCC_CC_REQ_sum,TCC_RW_REQ_sum,wave_size_3,SQ_ITEMS,SQ_LDS_MEM_VIOLATIONS,SQ_LDS_ATOMIC_RETURN,SQ_LDS_IDX_ACTIVE,SQ_WAVES_RESTORED,SQ_WAVES_SAVED,SQ_INSTS_SMEM_NORM,TCP_TCC_UC_ATOMIC_REQ_sum,TCP_TCC_CC_READ_REQ_sum,TCP_TCC_CC_WRITE_REQ_sum,TCP_TCC_CC_ATOMIC_REQ_sum,SPI_VWC_CSC_WR,SPI_RA_BULKY_CU_FULL_CSN,TCC_NORMAL_WRITEBACK_sum,TCC_ALL_TC_OP_WB_WRITEBACK_sum,TCC_NORMAL_EVICT_sum,TCC_ALL_TC_OP_INV_EVICT_sum,wave_size_4,TCC_HIT[0],TCC_MISS[0],TCC_READ[0],TCC_REQ[0],TCC_HIT[1],TCC_MISS[1],TCC_READ[1],TCC_REQ[1],TCC_HIT[2],TCC_MISS[2],TCC_READ[2],TCC_REQ[2],TCC_HIT[3],TCC_MISS[3],TCC_READ[3],TCC_REQ[3],TCC_HIT[4],TCC_MISS[4],TCC_READ[4],TCC_REQ[4],TCC_HIT[5],TCC_MISS[5],TCC_READ[5],TCC_REQ[5],TCC_HIT[6],TCC_MISS[6],TCC_READ[6],TCC_REQ[6],TCC_HIT[7],TCC_MISS[7],TCC_READ[7],TCC_REQ[7],TCC_HIT[8],TCC_MISS[8],TCC_READ[8],TCC_REQ[8],TCC_HIT[9],TCC_MISS[9],TCC_READ[9],TCC_REQ[9],TCC_HIT[10],TCC_MISS[10],TCC_READ[10],TCC_REQ[10],TCC_HIT[11],TCC_MISS[11],TCC_READ[11],TCC_REQ[11],TCC_HIT[12],TCC_MISS[12],TCC_READ[12],TCC_REQ[12],TCC_HIT[13],TCC_MISS[13],TCC_READ[13],TCC_REQ[13],TCC_HIT[14],TCC_MISS[14],TCC_READ[14],TCC_REQ[14],TCC_HIT[15],TCC_MISS[15],TCC_READ[15],TCC_REQ[15],TCC_HIT[16],TCC_MISS[16],TCC_READ[16],TCC_REQ[16],TCC_HIT[17],TCC_MISS[17],TCC_READ[17],TCC_REQ[17],TCC_HIT[18],TCC_MISS[18],TCC_READ[18],TCC_REQ[18],TCC_HIT[19],TCC_MISS[19],TCC_READ[19],TCC_REQ[19],TCC_HIT[20],TCC_MISS[20],TCC_READ[20],TCC_REQ[20],TCC_HIT[21],TCC_MISS[21],TCC_READ[21],TCC_REQ[21],TCC_HIT[22],TCC_MISS[22],TCC_READ[22],TCC_REQ[22],TCC_HIT[23],TCC_MISS[23],TCC_READ[23],TCC_REQ[23],TCC_HIT[24],TCC_MISS[24],TCC_READ[24],TCC_REQ[24],TCC_HIT[25],TCC_MISS[25],TCC_READ[25],TCC_REQ[25],TCC_HIT[26],TCC_MISS[26],TCC_READ[26],TCC_REQ[26],TCC_HIT[27],TCC_MISS[27],TCC_READ[27],TCC_REQ[27],TCC_HIT[28],TCC_MISS[28],TCC_READ[28],TCC_REQ[28],TCC_HIT[29],TCC_MISS[29],TCC_READ[29],TCC_REQ[29],TCC_HIT[30],TCC_MISS[30],TCC_READ[30],TCC_REQ[30],TCC_HIT[31],TCC_MISS[31],TCC_READ[31],TCC_REQ[31],wave_size_5,SQ_INSTS_FLAT,SQ_INSTS_LDS,SQ_INSTS_GDS,SQ_INSTS_EXP_GDS,SQ_INSTS_BRANCH,SQ_INSTS_SENDMSG,SQ_INSTS,SQ_WAIT_ANY,TCP_UTCL1_TRANSLATION_MISS_sum,TCP_UTCL1_TRANSLATION_HIT_sum,TCP_UTCL1_PERMISSION_MISS_sum,TCP_UTCL1_REQUEST_sum,TA_ADDR_STALLED_BY_TC_CYCLES_sum,TA_TOTAL_WAVEFRONTS_sum,SPI_RA_WAVE_SIMD_FULL_CSN,SPI_RA_VGPR_SIMD_FULL_CSN,CPC_CPC_UTCL2IU_STALL,CPC_ME1_BUSY_FOR_PACKET_DECODE,TCC_EA_WRREQ_sum,TCC_EA_WRREQ_64B_sum,TCC_EA_WR_UNCACHED_32B_sum,TCC_EA_WRREQ_STALL_sum,wave_size_6,SQC_DCACHE_INPUT_VALID_READYB,SQC_DCACHE_ATOMIC,SQC_DCACHE_REQ_READ_8,SQC_DCACHE_REQ,SQC_DCACHE_HITS,SQC_DCACHE_MISSES,SQC_DCACHE_MISSES_DUPLICATE,SQC_DCACHE_REQ_READ_1,TCP_VOLATILE_sum,TCP_TOTAL_ACCESSES_sum,TCP_TOTAL_READ_sum,TCP_TOTAL_WRITE_sum,TA_BUFFER_ATOMIC_WAVEFRONTS_sum,TA_BUFFER_TOTAL_CYCLES_sum,TD_ATOMIC_WAVEFRONT_sum,TD_STORE_WAVEFRONT_sum,SPI_RA_REQ_NO_ALLOC,SPI_RA_REQ_NO_ALLOC_CSN,CPC_CPC_STAT_STALL,CPC_UTCL1_STALL_ON_TRANSLATION,CPF_CPF_STAT_IDLE,CPF_CPF_TCIU_IDLE,TCC_REQ_sum,TCC_STREAMING_REQ_sum,TCC_HIT_sum,TCC_MISS_sum,wave_size_7,TCC_EA_ATOMIC_LEVEL_sum,wave_size_8,SQC_DCACHE_REQ_READ_2,SQC_DCACHE_REQ_READ_4,SQ_INSTS_VMEM_WR,SQ_INSTS_VMEM_RD,SQ_INSTS_VMEM,SQ_INSTS_SALU,SQ_INSTS_VSKIPPED,SQ_INSTS_SMEM,TCP_TOTAL_ATOMIC_WITH_RET_sum,TCP_TOTAL_ATOMIC_WITHOUT_RET_sum,TCP_TOTAL_WRITEBACK_INVALIDATES_sum,TCP_TOTAL_CACHE_ACCESSES_sum,TA_BUFFER_COALESCED_READ_CYCLES_sum,TA_BUFFER_COALESCED_WRITE_CYCLES_sum,SPI_RA_RES_STALL_CSN,SPI_RA_TMP_STALL_CSN,CPC_CPC_UTCL2IU_BUSY,CPC_CPC_UTCL2IU_IDLE,CPF_CMP_UTCL1_STALL_ON_TRANSLATION,TCC_READ_sum,TCC_WRITE_sum,TCC_ATOMIC_sum,TCC_WRITEBACK_sum,wave_size_9,TCC_EA_WRREQ_DRAM_CREDIT_STALL[0],TCC_EA_WRREQ_GMI_CREDIT_STALL[0],TCC_EA_WRREQ_IO_CREDIT_STALL[0],TCC_EA_WRREQ_LEVEL[0],TCC_EA_WRREQ_DRAM_CREDIT_STALL[1],TCC_EA_WRREQ_GMI_CREDIT_STALL[1],TCC_EA_WRREQ_IO_CREDIT_STALL[1],TCC_EA_WRREQ_LEVEL[1],TCC_EA_WRREQ_DRAM_CREDIT_STALL[2],TCC_EA_WRREQ_GMI_CREDIT_STALL[2],TCC_EA_WRREQ_IO_CREDIT_STALL[2],TCC_EA_WRREQ_LEVEL[2],TCC_EA_WRREQ_DRAM_CREDIT_STALL[3],TCC_EA_WRREQ_GMI_CREDIT_STALL[3],TCC_EA_WRREQ_IO_CREDIT_STALL[3],TCC_EA_WRREQ_LEVEL[3],TCC_EA_WRREQ_DRAM_CREDIT_STALL[4],TCC_EA_WRREQ_GMI_CREDIT_STALL[4],TCC_EA_WRREQ_IO_CREDIT_STALL[4],TCC_EA_WRREQ_LEVEL[4],TCC_EA_WRREQ_DRAM_CREDIT_STALL[5],TCC_EA_WRREQ_GMI_CREDIT_STALL[5],TCC_EA_WRREQ_IO_CREDIT_STALL[5],TCC_EA_WRREQ_LEVEL[5],TCC_EA_WRREQ_DRAM_CREDIT_STALL[6],TCC_EA_WRREQ_GMI_CREDIT_STALL[6],TCC_EA_WRREQ_IO_CREDIT_STALL[6],TCC_EA_WRREQ_LEVEL[6],TCC_EA_WRREQ_DRAM_CREDIT_STALL[7],TCC_EA_WRREQ_GMI_CREDIT_STALL[7],TCC_EA_WRREQ_IO_CREDIT_STALL[7],TCC_EA_WRREQ_LEVEL[7],TCC_EA_WRREQ_DRAM_CREDIT_STALL[8],TCC_EA_WRREQ_GMI_CREDIT_STALL[8],TCC_EA_WRREQ_IO_CREDIT_STALL[8],TCC_EA_WRREQ_LEVEL[8],TCC_EA_WRREQ_DRAM_CREDIT_STALL[9],TCC_EA_WRREQ_GMI_CREDIT_STALL[9],TCC_EA_WRREQ_IO_CREDIT_STALL[9],TCC_EA_WRREQ_LEVEL[9],TCC_EA_WRREQ_DRAM_CREDIT_STALL[10],TCC_EA_WRREQ_GMI_CREDIT_STALL[10],TCC_EA_WRREQ_IO_CREDIT_STALL[10],TCC_EA_WRREQ_LEVEL[10],TCC_EA_WRREQ_DRAM_CREDIT_STALL[11],TCC_EA_WRREQ_GMI_CREDIT_STALL[11],TCC_EA_WRREQ_IO_CREDIT_STALL[11],TCC_EA_WRREQ_LEVEL[11],TCC_EA_WRREQ_DRAM_CREDIT_STALL[12],TCC_EA_WRREQ_GMI_CREDIT_STALL[12],TCC_EA_WRREQ_IO_CREDIT_STALL[12],TCC_EA_WRREQ_LEVEL[12],TCC_EA_WRREQ_DRAM_CREDIT_STALL[13],TCC_EA_WRREQ_GMI_CREDIT_STALL[13],TCC_EA_WRREQ_IO_CREDIT_STALL[13],TCC_EA_WRREQ_LEVEL[13],TCC_EA_WRREQ_DRAM_CREDIT_STALL[14],TCC_EA_WRREQ_GMI_CREDIT_STALL[14],TCC_EA_WRREQ_IO_CREDIT_STALL[14],TCC_EA_WRREQ_LEVEL[14],TCC_EA_WRREQ_DRAM_CREDIT_STALL[15],TCC_EA_WRREQ_GMI_CREDIT_STALL[15],TCC_EA_WRREQ_IO_CREDIT_STALL[15],TCC_EA_WRREQ_LEVEL[15],TCC_EA_WRREQ_DRAM_CREDIT_STALL[16],TCC_EA_WRREQ_GMI_CREDIT_STALL[16],TCC_EA_WRREQ_IO_CREDIT_STALL[16],TCC_EA_WRREQ_LEVEL[16],TCC_EA_WRREQ_DRAM_CREDIT_STALL[17],TCC_EA_WRREQ_GMI_CREDIT_STALL[17],TCC_EA_WRREQ_IO_CREDIT_STALL[17],TCC_EA_WRREQ_LEVEL[17],TCC_EA_WRREQ_DRAM_CREDIT_STALL[18],TCC_EA_WRREQ_GMI_CREDIT_STALL[18],TCC_EA_WRREQ_IO_CREDIT_STALL[18],TCC_EA_WRREQ_LEVEL[18],TCC_EA_WRREQ_DRAM_CREDIT_STALL[19],TCC_EA_WRREQ_GMI_CREDIT_STALL[19],TCC_EA_WRREQ_IO_CREDIT_STALL[19],TCC_EA_WRREQ_LEVEL[19],TCC_EA_WRREQ_DRAM_CREDIT_STALL[20],TCC_EA_WRREQ_GMI_CREDIT_STALL[20],TCC_EA_WRREQ_IO_CREDIT_STALL[20],TCC_EA_WRREQ_LEVEL[20],TCC_EA_WRREQ_DRAM_CREDIT_STALL[21],TCC_EA_WRREQ_GMI_CREDIT_STALL[21],TCC_EA_WRREQ_IO_CREDIT_STALL[21],TCC_EA_WRREQ_LEVEL[21],TCC_EA_WRREQ_DRAM_CREDIT_STALL[22],TCC_EA_WRREQ_GMI_CREDIT_STALL[22],TCC_EA_WRREQ_IO_CREDIT_STALL[22],TCC_EA_WRREQ_LEVEL[22],TCC_EA_WRREQ_DRAM_CREDIT_STALL[23],TCC_EA_WRREQ_GMI_CREDIT_STALL[23],TCC_EA_WRREQ_IO_CREDIT_STALL[23],TCC_EA_WRREQ_LEVEL[23],TCC_EA_WRREQ_DRAM_CREDIT_STALL[24],TCC_EA_WRREQ_GMI_CREDIT_STALL[24],TCC_EA_WRREQ_IO_CREDIT_STALL[24],TCC_EA_WRREQ_LEVEL[24],TCC_EA_WRREQ_DRAM_CREDIT_STALL[25],TCC_EA_WRREQ_GMI_CREDIT_STALL[25],TCC_EA_WRREQ_IO_CREDIT_STALL[25],TCC_EA_WRREQ_LEVEL[25],TCC_EA_WRREQ_DRAM_CREDIT_STALL[26],TCC_EA_WRREQ_GMI_CREDIT_STALL[26],TCC_EA_WRREQ_IO_CREDIT_STALL[26],TCC_EA_WRREQ_LEVEL[26],TCC_EA_WRREQ_DRAM_CREDIT_STALL[27],TCC_EA_WRREQ_GMI_CREDIT_STALL[27],TCC_EA_WRREQ_IO_CREDIT_STALL[27],TCC_EA_WRREQ_LEVEL[27],TCC_EA_WRREQ_DRAM_CREDIT_STALL[28],TCC_EA_WRREQ_GMI_CREDIT_STALL[28],TCC_EA_WRREQ_IO_CREDIT_STALL[28],TCC_EA_WRREQ_LEVEL[28],TCC_EA_WRREQ_DRAM_CREDIT_STALL[29],TCC_EA_WRREQ_GMI_CREDIT_STALL[29],TCC_EA_WRREQ_IO_CREDIT_STALL[29],TCC_EA_WRREQ_LEVEL[29],TCC_EA_WRREQ_DRAM_CREDIT_STALL[30],TCC_EA_WRREQ_GMI_CREDIT_STALL[30],TCC_EA_WRREQ_IO_CREDIT_STALL[30],TCC_EA_WRREQ_LEVEL[30],TCC_EA_WRREQ_DRAM_CREDIT_STALL[31],TCC_EA_WRREQ_GMI_CREDIT_STALL[31],TCC_EA_WRREQ_IO_CREDIT_STALL[31],TCC_EA_WRREQ_LEVEL[31],wave_size_10,TCP_TCC_RW_READ_REQ_sum,TCP_TCC_RW_WRITE_REQ_sum,TCP_TCC_RW_ATOMIC_REQ_sum,TCP_PENDING_STALL_CYCLES_sum,TCC_EA_RDREQ_DRAM_sum,TCC_EA_WRREQ_DRAM_sum,TCC_EA_RDREQ_LEVEL_sum,TCC_EA_WRREQ_LEVEL_sum,wave_size_11,TCC_EA_RDREQ[0],TCC_EA_RDREQ_32B[0],TCC_EA_RDREQ_DRAM_CREDIT_STALL[0],TCC_EA_RDREQ_GMI_CREDIT_STALL[0],TCC_EA_RDREQ[1],TCC_EA_RDREQ_32B[1],TCC_EA_RDREQ_DRAM_CREDIT_STALL[1],TCC_EA_RDREQ_GMI_CREDIT_STALL[1],TCC_EA_RDREQ[2],TCC_EA_RDREQ_32B[2],TCC_EA_RDREQ_DRAM_CREDIT_STALL[2],TCC_EA_RDREQ_GMI_CREDIT_STALL[2],TCC_EA_RDREQ[3],TCC_EA_RDREQ_32B[3],TCC_EA_RDREQ_DRAM_CREDIT_STALL[3],TCC_EA_RDREQ_GMI_CREDIT_STALL[3],TCC_EA_RDREQ[4],TCC_EA_RDREQ_32B[4],TCC_EA_RDREQ_DRAM_CREDIT_STALL[4],TCC_EA_RDREQ_GMI_CREDIT_STALL[4],TCC_EA_RDREQ[5],TCC_EA_RDREQ_32B[5],TCC_EA_RDREQ_DRAM_CREDIT_STALL[5],TCC_EA_RDREQ_GMI_CREDIT_STALL[5],TCC_EA_RDREQ[6],TCC_EA_RDREQ_32B[6],TCC_EA_RDREQ_DRAM_CREDIT_STALL[6],TCC_EA_RDREQ_GMI_CREDIT_STALL[6],TCC_EA_RDREQ[7],TCC_EA_RDREQ_32B[7],TCC_EA_RDREQ_DRAM_CREDIT_STALL[7],TCC_EA_RDREQ_GMI_CREDIT_STALL[7],TCC_EA_RDREQ[8],TCC_EA_RDREQ_32B[8],TCC_EA_RDREQ_DRAM_CREDIT_STALL[8],TCC_EA_RDREQ_GMI_CREDIT_STALL[8],TCC_EA_RDREQ[9],TCC_EA_RDREQ_32B[9],TCC_EA_RDREQ_DRAM_CREDIT_STALL[9],TCC_EA_RDREQ_GMI_CREDIT_STALL[9],TCC_EA_RDREQ[10],TCC_EA_RDREQ_32B[10],TCC_EA_RDREQ_DRAM_CREDIT_STALL[10],TCC_EA_RDREQ_GMI_CREDIT_STALL[10],TCC_EA_RDREQ[11],TCC_EA_RDREQ_32B[11],TCC_EA_RDREQ_DRAM_CREDIT_STALL[11],TCC_EA_RDREQ_GMI_CREDIT_STALL[11],TCC_EA_RDREQ[12],TCC_EA_RDREQ_32B[12],TCC_EA_RDREQ_DRAM_CREDIT_STALL[12],TCC_EA_RDREQ_GMI_CREDIT_STALL[12],TCC_EA_RDREQ[13],TCC_EA_RDREQ_32B[13],TCC_EA_RDREQ_DRAM_CREDIT_STALL[13],TCC_EA_RDREQ_GMI_CREDIT_STALL[13],TCC_EA_RDREQ[14],TCC_EA_RDREQ_32B[14],TCC_EA_RDREQ_DRAM_CREDIT_STALL[14],TCC_EA_RDREQ_GMI_CREDIT_STALL[14],TCC_EA_RDREQ[15],TCC_EA_RDREQ_32B[15],TCC_EA_RDREQ_DRAM_CREDIT_STALL[15],TCC_EA_RDREQ_GMI_CREDIT_STALL[15],TCC_EA_RDREQ[16],TCC_EA_RDREQ_32B[16],TCC_EA_RDREQ_DRAM_CREDIT_STALL[16],TCC_EA_RDREQ_GMI_CREDIT_STALL[16],TCC_EA_RDREQ[17],TCC_EA_RDREQ_32B[17],TCC_EA_RDREQ_DRAM_CREDIT_STALL[17],TCC_EA_RDREQ_GMI_CREDIT_STALL[17],TCC_EA_RDREQ[18],TCC_EA_RDREQ_32B[18],TCC_EA_RDREQ_DRAM_CREDIT_STALL[18],TCC_EA_RDREQ_GMI_CREDIT_STALL[18],TCC_EA_RDREQ[19],TCC_EA_RDREQ_32B[19],TCC_EA_RDREQ_DRAM_CREDIT_STALL[19],TCC_EA_RDREQ_GMI_CREDIT_STALL[19],TCC_EA_RDREQ[20],TCC_EA_RDREQ_32B[20],TCC_EA_RDREQ_DRAM_CREDIT_STALL[20],TCC_EA_RDREQ_GMI_CREDIT_STALL[20],TCC_EA_RDREQ[21],TCC_EA_RDREQ_32B[21],TCC_EA_RDREQ_DRAM_CREDIT_STALL[21],TCC_EA_RDREQ_GMI_CREDIT_STALL[21],TCC_EA_RDREQ[22],TCC_EA_RDREQ_32B[22],TCC_EA_RDREQ_DRAM_CREDIT_STALL[22],TCC_EA_RDREQ_GMI_CREDIT_STALL[22],TCC_EA_RDREQ[23],TCC_EA_RDREQ_32B[23],TCC_EA_RDREQ_DRAM_CREDIT_STALL[23],TCC_EA_RDREQ_GMI_CREDIT_STALL[23],TCC_EA_RDREQ[24],TCC_EA_RDREQ_32B[24],TCC_EA_RDREQ_DRAM_CREDIT_STALL[24],TCC_EA_RDREQ_GMI_CREDIT_STALL[24],TCC_EA_RDREQ[25],TCC_EA_RDREQ_32B[25],TCC_EA_RDREQ_DRAM_CREDIT_STALL[25],TCC_EA_RDREQ_GMI_CREDIT_STALL[25],TCC_EA_RDREQ[26],TCC_EA_RDREQ_32B[26],TCC_EA_RDREQ_DRAM_CREDIT_STALL[26],TCC_EA_RDREQ_GMI_CREDIT_STALL[26],TCC_EA_RDREQ[27],TCC_EA_RDREQ_32B[27],TCC_EA_RDREQ_DRAM_CREDIT_STALL[27],TCC_EA_RDREQ_GMI_CREDIT_STALL[27],TCC_EA_RDREQ[28],TCC_EA_RDREQ_32B[28],TCC_EA_RDREQ_DRAM_CREDIT_STALL[28],TCC_EA_RDREQ_GMI_CREDIT_STALL[28],TCC_EA_RDREQ[29],TCC_EA_RDREQ_32B[29],TCC_EA_RDREQ_DRAM_CREDIT_STALL[29],TCC_EA_RDREQ_GMI_CREDIT_STALL[29],TCC_EA_RDREQ[30],TCC_EA_RDREQ_32B[30],TCC_EA_RDREQ_DRAM_CREDIT_STALL[30],TCC_EA_RDREQ_GMI_CREDIT_STALL[30],TCC_EA_RDREQ[31],TCC_EA_RDREQ_32B[31],TCC_EA_RDREQ_DRAM_CREDIT_STALL[31],TCC_EA_RDREQ_GMI_CREDIT_STALL[31],wave_size_12,TCC_RW_REQ[0],TCC_TOO_MANY_EA_WRREQS_STALL[0],TCC_WRITE[0],TCC_RW_REQ[1],TCC_TOO_MANY_EA_WRREQS_STALL[1],TCC_WRITE[1],TCC_RW_REQ[2],TCC_TOO_MANY_EA_WRREQS_STALL[2],TCC_WRITE[2],TCC_RW_REQ[3],TCC_TOO_MANY_EA_WRREQS_STALL[3],TCC_WRITE[3],TCC_RW_REQ[4],TCC_TOO_MANY_EA_WRREQS_STALL[4],TCC_WRITE[4],TCC_RW_REQ[5],TCC_TOO_MANY_EA_WRREQS_STALL[5],TCC_WRITE[5],TCC_RW_REQ[6],TCC_TOO_MANY_EA_WRREQS_STALL[6],TCC_WRITE[6],TCC_RW_REQ[7],TCC_TOO_MANY_EA_WRREQS_STALL[7],TCC_WRITE[7],TCC_RW_REQ[8],TCC_TOO_MANY_EA_WRREQS_STALL[8],TCC_WRITE[8],TCC_RW_REQ[9],TCC_TOO_MANY_EA_WRREQS_STALL[9],TCC_WRITE[9],TCC_RW_REQ[10],TCC_TOO_MANY_EA_WRREQS_STALL[10],TCC_WRITE[10],TCC_RW_REQ[11],TCC_TOO_MANY_EA_WRREQS_STALL[11],TCC_WRITE[11],TCC_RW_REQ[12],TCC_TOO_MANY_EA_WRREQS_STALL[12],TCC_WRITE[12],TCC_RW_REQ[13],TCC_TOO_MANY_EA_WRREQS_STALL[13],TCC_WRITE[13],TCC_RW_REQ[14],TCC_TOO_MANY_EA_WRREQS_STALL[14],TCC_WRITE[14],TCC_RW_REQ[15],TCC_TOO_MANY_EA_WRREQS_STALL[15],TCC_WRITE[15],TCC_RW_REQ[16],TCC_TOO_MANY_EA_WRREQS_STALL[16],TCC_WRITE[16],TCC_RW_REQ[17],TCC_TOO_MANY_EA_WRREQS_STALL[17],TCC_WRITE[17],TCC_RW_REQ[18],TCC_TOO_MANY_EA_WRREQS_STALL[18],TCC_WRITE[18],TCC_RW_REQ[19],TCC_TOO_MANY_EA_WRREQS_STALL[19],TCC_WRITE[19],TCC_RW_REQ[20],TCC_TOO_MANY_EA_WRREQS_STALL[20],TCC_WRITE[20],TCC_RW_REQ[21],TCC_TOO_MANY_EA_WRREQS_STALL[21],TCC_WRITE[21],TCC_RW_REQ[22],TCC_TOO_MANY_EA_WRREQS_STALL[22],TCC_WRITE[22],TCC_RW_REQ[23],TCC_TOO_MANY_EA_WRREQS_STALL[23],TCC_WRITE[23],TCC_RW_REQ[24],TCC_TOO_MANY_EA_WRREQS_STALL[24],TCC_WRITE[24],TCC_RW_REQ[25],TCC_TOO_MANY_EA_WRREQS_STALL[25],TCC_WRITE[25],TCC_RW_REQ[26],TCC_TOO_MANY_EA_WRREQS_STALL[26],TCC_WRITE[26],TCC_RW_REQ[27],TCC_TOO_MANY_EA_WRREQS_STALL[27],TCC_WRITE[27],TCC_RW_REQ[28],TCC_TOO_MANY_EA_WRREQS_STALL[28],TCC_WRITE[28],TCC_RW_REQ[29],TCC_TOO_MANY_EA_WRREQS_STALL[29],TCC_WRITE[29],TCC_RW_REQ[30],TCC_TOO_MANY_EA_WRREQS_STALL[30],TCC_WRITE[30],TCC_RW_REQ[31],TCC_TOO_MANY_EA_WRREQS_STALL[31],TCC_WRITE[31],wave_size_13,SQ_WAIT_INST_ANY,SQ_ACTIVE_INST_ANY,SQ_INSTS_VALU,SQ_ACTIVE_INST_VMEM,SQ_ACTIVE_INST_LDS,SQ_ACTIVE_INST_VALU,SQ_ACTIVE_INST_SCA,SQ_ACTIVE_INST_EXP_GDS,TCP_TCP_LATENCY_sum,TCP_TCC_READ_REQ_LATENCY_sum,TCP_TCC_WRITE_REQ_LATENCY_sum,TCP_TCC_READ_REQ_sum,TA_ADDR_STALLED_BY_TD_CYCLES_sum,TA_DATA_STALLED_BY_TC_CYCLES_sum,SPI_RA_SGPR_SIMD_FULL_CSN,SPI_RA_LDS_CU_FULL_CSN,CPC_ME1_DC0_SPI_BUSY,TCC_EA_WRREQ_IO_CREDIT_STALL_sum,TCC_EA_WRREQ_GMI_CREDIT_STALL_sum,TCC_EA_WRREQ_DRAM_CREDIT_STALL_sum,TCC_TOO_MANY_EA_WRREQS_STALL_sum,wave_size_14,SQ_LDS_BANK_CONFLICT,SQ_LDS_ADDR_CONFLICT,SQ_LDS_UNALIGNED_STALL,SQ_WAVES_EQ_64,SQ_WAVES_LT_64,SQ_WAVES_LT_48,SQ_WAVES_LT_32,SQ_WAVES_LT_16,TCP_TCC_NC_WRITE_REQ_sum,TCP_TCC_NC_ATOMIC_REQ_sum,TCP_TCC_UC_READ_REQ_sum,TCP_TCC_UC_WRITE_REQ_sum,TA_FLAT_WRITE_WAVEFRONTS_sum,TA_FLAT_ATOMIC_WAVEFRONTS_sum,SPI_RA_WVLIM_STALL_CSN,SPI_SWC_CSC_WR,TCC_EA_RDREQ_IO_CREDIT_STALL_sum,TCC_EA_RDREQ_GMI_CREDIT_STALL_sum,TCC_EA_RDREQ_DRAM_CREDIT_STALL_sum,TCC_TAG_STALL_sum,wave_size_15,TCC_ATOMIC[0],TCC_CYCLE[0],TCC_EA_ATOMIC[0],TCC_EA_ATOMIC_LEVEL[0],TCC_ATOMIC[1],TCC_CYCLE[1],TCC_EA_ATOMIC[1],TCC_EA_ATOMIC_LEVEL[1],TCC_ATOMIC[2],TCC_CYCLE[2],TCC_EA_ATOMIC[2],TCC_EA_ATOMIC_LEVEL[2],TCC_ATOMIC[3],TCC_CYCLE[3],TCC_EA_ATOMIC[3],TCC_EA_ATOMIC_LEVEL[3],TCC_ATOMIC[4],TCC_CYCLE[4],TCC_EA_ATOMIC[4],TCC_EA_ATOMIC_LEVEL[4],TCC_ATOMIC[5],TCC_CYCLE[5],TCC_EA_ATOMIC[5],TCC_EA_ATOMIC_LEVEL[5],TCC_ATOMIC[6],TCC_CYCLE[6],TCC_EA_ATOMIC[6],TCC_EA_ATOMIC_LEVEL[6],TCC_ATOMIC[7],TCC_CYCLE[7],TCC_EA_ATOMIC[7],TCC_EA_ATOMIC_LEVEL[7],TCC_ATOMIC[8],TCC_CYCLE[8],TCC_EA_ATOMIC[8],TCC_EA_ATOMIC_LEVEL[8],TCC_ATOMIC[9],TCC_CYCLE[9],TCC_EA_ATOMIC[9],TCC_EA_ATOMIC_LEVEL[9],TCC_ATOMIC[10],TCC_CYCLE[10],TCC_EA_ATOMIC[10],TCC_EA_ATOMIC_LEVEL[10],TCC_ATOMIC[11],TCC_CYCLE[11],TCC_EA_ATOMIC[11],TCC_EA_ATOMIC_LEVEL[11],TCC_ATOMIC[12],TCC_CYCLE[12],TCC_EA_ATOMIC[12],TCC_EA_ATOMIC_LEVEL[12],TCC_ATOMIC[13],TCC_CYCLE[13],TCC_EA_ATOMIC[13],TCC_EA_ATOMIC_LEVEL[13],TCC_ATOMIC[14],TCC_CYCLE[14],TCC_EA_ATOMIC[14],TCC_EA_ATOMIC_LEVEL[14],TCC_ATOMIC[15],TCC_CYCLE[15],TCC_EA_ATOMIC[15],TCC_EA_ATOMIC_LEVEL[15],TCC_ATOMIC[16],TCC_CYCLE[16],TCC_EA_ATOMIC[16],TCC_EA_ATOMIC_LEVEL[16],TCC_ATOMIC[17],TCC_CYCLE[17],TCC_EA_ATOMIC[17],TCC_EA_ATOMIC_LEVEL[17],TCC_ATOMIC[18],TCC_CYCLE[18],TCC_EA_ATOMIC[18],TCC_EA_ATOMIC_LEVEL[18],TCC_ATOMIC[19],TCC_CYCLE[19],TCC_EA_ATOMIC[19],TCC_EA_ATOMIC_LEVEL[19],TCC_ATOMIC[20],TCC_CYCLE[20],TCC_EA_ATOMIC[20],TCC_EA_ATOMIC_LEVEL[20],TCC_ATOMIC[21],TCC_CYCLE[21],TCC_EA_ATOMIC[21],TCC_EA_ATOMIC_LEVEL[21],TCC_ATOMIC[22],TCC_CYCLE[22],TCC_EA_ATOMIC[22],TCC_EA_ATOMIC_LEVEL[22],TCC_ATOMIC[23],TCC_CYCLE[23],TCC_EA_ATOMIC[23],TCC_EA_ATOMIC_LEVEL[23],TCC_ATOMIC[24],TCC_CYCLE[24],TCC_EA_ATOMIC[24],TCC_EA_ATOMIC_LEVEL[24],TCC_ATOMIC[25],TCC_CYCLE[25],TCC_EA_ATOMIC[25],TCC_EA_ATOMIC_LEVEL[25],TCC_ATOMIC[26],TCC_CYCLE[26],TCC_EA_ATOMIC[26],TCC_EA_ATOMIC_LEVEL[26],TCC_ATOMIC[27],TCC_CYCLE[27],TCC_EA_ATOMIC[27],TCC_EA_ATOMIC_LEVEL[27],TCC_ATOMIC[28],TCC_CYCLE[28],TCC_EA_ATOMIC[28],TCC_EA_ATOMIC_LEVEL[28],TCC_ATOMIC[29],TCC_CYCLE[29],TCC_EA_ATOMIC[29],TCC_EA_ATOMIC_LEVEL[29],TCC_ATOMIC[30],TCC_CYCLE[30],TCC_EA_ATOMIC[30],TCC_EA_ATOMIC_LEVEL[30],TCC_ATOMIC[31],TCC_CYCLE[31],TCC_EA_ATOMIC[31],TCC_EA_ATOMIC_LEVEL[31],wave_size_16,SQ_CYCLES,SQ_BUSY_CYCLES,SQ_WAVES,SQ_BUSY_CU_CYCLES,SQ_WAVE_CYCLES,SQC_TC_INST_REQ,SQC_TC_DATA_READ_REQ,SQC_TC_DATA_WRITE_REQ,GRBM_COUNT,GRBM_GUI_ACTIVE,TCP_GATE_EN1_sum,TCP_GATE_EN2_sum,TCP_TD_TCP_STALL_CYCLES_sum,TCP_TCR_TCP_STALL_CYCLES_sum,TA_TA_BUSY_sum,TA_BUFFER_WAVEFRONTS_sum,TD_TD_BUSY_sum,TD_TC_STALL_sum,SPI_CSN_WINDOW_VALID,SPI_CSN_BUSY,CPC_CPC_STAT_BUSY,CPC_CPC_STAT_IDLE,CPF_CPF_STAT_BUSY,CPF_CPF_STAT_STALL,TCC_CYCLE_sum,TCC_BUSY_sum,TCC_PROBE_sum,TCC_PROBE_ALL_sum,BeginNs,EndNs
0,__amd_rocclr_fillBufferAligned.kd,2,3932160,256,0,0,8,8,32,64,430080,61440,61440,0,430080,737280,82575360,552960,491520.0,0.0,0.0,0.0,61440.0,0.0,0,0,0.0,372.0,0.0,724.0,64,0,540,15360,15360,0,782,15360,15360,0,0,15360,15360,0,0,15360,15360,0,0,15360,15360,0,0,15360,15360,0,0,15360,15360,0,541,15360,15360,0,0,15360,15360,0,3100,15360,15360,0,0,15360,15360,0,1679,15360,15360,0,0,15360,15360,0,0,15360,15360,0,42969,15360,15360,0,0,15360,15360,0,0,15360,15360,0,0,15360,15360,0,0,15360,15360,0,0,15360,15360,0,0,15360,15360,0,0,15360,15360,0,131031,15360,15360,0,420,15360,15360,0,0,15360,15360,0,256,15360,15360,0,23745,15360,15360,0,0,15360,15360,0,0,15360,15360,0,0,15360,15360,0,0,15360,15360,0,165922,15360,15360,64,0,0,528,0,552960,549653,96,3731,54155,0.0,0.0,0.0,61440.0,0.0,0.0,0.0,61440.0,15360,61440,1431,86363,1809,0,144.0,397.0,0.0,491856.0,64,3932160,0,0,0,0,0,860160,0.0,0.0,0.0,0.0,61440,0,417796.0,73724.0,360458.0,0.0,64,0,15360,0,15360,0,15360,0,15360,0,15360,0,15360,0,15360,0,15360,0,15523,163,15523,0,15360,0,15360,0,15360,0,15360,94,15362,96,15456,141,15363,144,15504,0,15361,1,15361,0,15390,30,15390,188,15364,192,15552,0,15360,0,15360,0,15361,1,15361,0,15408,48,15408,0,15360,0,15360,0,15360,0,15360,0,15360,0,15360,0,15360,0,15360,0,15411,51,15411,0,15396,36,15396,0,15360,0,15360,0,15360,0,15360,47,15361,48,15408,0,15360,0,15360,0,15360,0,15360,0,15360,0,15360,0,15360,0,15360,0,15360,0,15360,0,15361,1,15361,0,15408,48,15408,0,15360,0,15360,64,61440,0,0,0,368640,61440,2887680,13346652,1800.0,963240.0,0.0,983040.0,292971.0,61440.0,0,0,0,26941,491520.0,491520.0,0.0,33980.0,64,795054,0,61440,430080,425014,192,4874,122880,3932160.0,3932160.0,0.0,3932160.0,0.0,0.0,0.0,61440.0,29108,90548,13655,3348,0,85799,492379.0,0.0,470.0,491909.0,64,0.0,64,122880,122880,61440,0,61440,737280,0,430080,0.0,0.0,120.0,983040.0,0.0,0.0,0,0,3668,85853,0,858.0,491520.0,0.0,491523.0,64,883,0,0,2942400,885,0,0,2429491,982,0,0,2475119,1701,0,0,3175251,821,0,0,2501201,857,0,0,2535706,918,0,0,2810895,878,0,0,2662317,786,0,0,2276004,918,0,0,2508324,798,0,0,2409136,844,0,0,2407648,799,0,0,2568101,895,0,0,2647356,882,0,0,2539196,875,0,0,3089761,841,0,0,2486567,954,0,0,2382015,909,0,0,2764917,1176,0,0,2722803,891,0,0,2588611,1003,0,0,2569394,835,0,0,2525666,875,0,0,2653925,940,0,0,2416954,792,0,0,2742745,880,0,0,2854995,819,0,0,2694525,1049,0,0,2599152,917,0,0,2435315,1069,0,0,2601399,3069,0,0,3390657,64,0.0,491520.0,0.0,3731090.0,425.0,491520.0,383442.0,84908295.0,64,0,0,0,0,0,0,0,0,0,0,0,0,1,0,0,0,0,0,0,0,0,0,0,0,0,0,0,0,50,0,0,0,0,0,0,0,0,0,0,0,0,0,0,0,187,0,0,0,0,0,0,0,0,0,0,0,0,0,0,0,0,0,0,0,0,0,0,0,0,0,0,0,0,0,0,0,1,0,0,0,0,0,0,0,0,0,0,0,0,0,0,0,106,0,0,0,0,0,0,0,0,0,0,0,0,0,0,0,0,0,0,0,0,0,0,0,6,0,0,0,0,0,0,0,48,0,0,0,64,15360,0,15360,15360,0,15360,15360,0,15360,15360,0,15360,15360,0,15360,15360,0,15360,15360,0,15360,15456,0,15360,15360,0,15360,15360,0,15360,15360,0,15360,15552,0,15360,15360,0,15360,15360,0,15360,15360,0,15360,15360,0,15360,15360,0,15360,15360,0,15360,15360,0,15360,15360,0,15360,15360,0,15360,15360,0,15360,15360,0,15360,15408,0,15360,15360,0,15360,15360,0,15360,15360,0,15360,15360,0,15360,15360,0,15360,15360,0,15360,15360,0,15360,15360,0,15360,64,2075623,2949319,1044480,0,0,1290439,1167360,0,18741740.0,0.0,95956313.0,0.0,0.0,511985.0,0,0,49572,0.0,0.0,33257.0,0.0,64,0,0,0,61440,0,0,0,0,0.0,0.0,0.0,0.0,61440.0,0.0,0,368640,0.0,0.0,0.0,3807.0,64,0,87039,0,0,0,87039,0,0,0,87039,0,0,0,87039,0,0,0,87039,0,0,0,87039,0,0,0,87039,0,0,0,87039,0,0,0,87039,0,0,0,87039,0,0,0,87039,0,0,0,87039,0,0,0,87039,0,0,0,87039,0,0,0,87039,0,0,0,87039,0,0,0,87039,0,0,0,87039,0,0,0,87039,0,0,0,87039,0,0,0,87039,0,0,0,87039,0,0,0,87039,0,0,0,87039,0,0,0,87039,0,0,0,87039,0,0,0,87039,0,0,0,87039,0,0,0,87039,0,0,0,87039,0,0,0,87039,0,0,0,87039,0,0,64,706864,406046,61440,6044092,17502074,336,192,0,88357,88357,6543338.0,5372037.0,17.0,17317.0,2206396.0,0.0,4996736.0,4574243.0,705471,418082,88357,0,88357,0,2827424.0,1716362.0,0.0,0.0,6350365787338907.0,6350365787384347.0
1,__amd_rocclr_fillBufferAligned.kd,2,3932160,256,0,0,8,8,32,64,430080,61440,61440,0,430080,737280,82575360,552960,491520.0,0.0,0.0,0.0,61440.0,0.0,0,0,0.0,51.0,0.0,96.0,64,0,0,13056,13056,0,0,13056,13056,0,0,13057,13057,0,151046,13056,13056,0,0,13056,13056,0,0,13056,13056,0,0,13056,13056,0,0,13060,13060,0,0,13056,13056,0,0,13056,13056,0,0,13056,13056,0,0,13056,13056,0,0,13056,13056,0,0,13056,13056,0,0,13060,13060,0,0,13056,13056,0,0,13056,13056,0,0,13056,13056,0,0,13060,13060,0,0,13056,13056,0,0,13056,13056,0,3107,13056,13056,0,0,13056,13056,0,0,13056,13056,0,0,13056,13056,0,0,13057,13057,0,0,13056,13056,0,0,13060,13060,0,0,13056,13056,0,0,13056,13056,0,0,13056,13056,0,0,13056,13056,64,0,0,192,0,552960,552960,0,0,52287,0.0,0.0,0.0,61440.0,0.0,0.0,0.0,61440.0,15360,61440,561,59021,4939,0,144.0,52.0,0.0,491520.0,64,3932160,0,0,0,0,0,860160,0.0,0.0,0.0,0.0,61440,0,417810.0,0.0,360452.0,0.0,64,0,15360,0,15360,0,15360,0,15360,0,15360,0,15360,0,15360,0,15360,0,15360,0,15360,0,15360,0,15360,0,15360,0,15360,0,15360,0,15360,0,15360,0,15360,0,15360,0,15360,0,15360,0,15360,0,15360,0,15360,0,15360,0,15360,0,15360,0,15360,0,15360,0,15360,0,15360,0,15360,0,15360,0,15360,0,15360,0,15360,0,15408,48,15408,0,15360,0,15360,141,15363,144,15504,0,15360,0,15360,0,15360,0,15360,0,15360,0,15360,0,15360,0,15360,0,15360,0,15360,0,15360,0,15360,0,15360,0,15360,0,15360,0,15360,0,15360,0,15360,0,15360,0,15360,0,15360,0,15360,64,61440,0,0,0,368640,61440,2887680,12170987,0.0,983040.0,0.0,983040.0,0.0,61440.0,0,0,0,8058,417810.0,417810.0,0.0,4412.0,64,863342,0,61440,430080,424882,192,5006,122880,3932160.0,3932160.0,0.0,3932160.0,0.0,0.0,0.0,61440.0,30174,91614,7296,588,0,58232,491712.0,0.0,141.0,491571.0,64,0.0,64,122880,122880,61440,0,61440,737280,0,430080,0.0,0.0,120.0,983040.0,0.0,0.0,0,0,913,58740,0,192.0,491520.0,0.0,417810.0,64,0,0,0,1614566,0,0,0,1472092,0,0,0,1459664,0,0,0,1471930,0,0,0,1457207,0,0,0,1534550,0,0,0,1589414,0,0,0,1777293,0,0,0,1630209,0,0,0,1437441,0,0,0,1458330,0,0,0,1446847,0,0,0,1480024,0,0,0,1628177,0,0,0,1502768,0,0,0,1762214,0,0,0,1543103,0,0,0,1410336,0,0,0,1528332,0,0,0,1587009,0,0,0,1484339,0,0,0,1497713,0,0,0,1526729,0,0,0,1585451,0,0,0,1420930,0,0,0,1709942,0,0,0,1513019,0,0,0,1427896,0,0,0,1550336,0,0,0,1500945,0,0,0,1547676,0,0,0,1726866,64,0.0,491520.0,0.0,3716564.0,0.0,417810.0,171530.0,48539524.0,64,0,0,0,0,3,0,0,0,0,0,0,0,0,0,0,0,0,0,0,0,0,0,0,0,0,0,0,0,0,0,0,0,0,0,0,0,0,0,0,0,0,0,0,0,48,0,0,0,0,0,0,0,0,0,0,0,0,0,0,0,0,0,0,0,0,0,0,0,0,0,0,0,0,0,0,0,0,0,0,0,0,0,0,0,0,0,0,0,0,0,0,0,0,0,0,0,0,0,0,0,0,0,0,0,0,0,0,0,0,0,0,0,0,0,0,0,0,0,0,0,0,0,0,0,0,0,0,0,64,15360,0,15360,15360,0,15360,15360,0,15360,15360,0,15360,15360,0,15360,15360,0,15360,15360,0,15360,15360,0,15360,15360,0,15360,15360,0,15360,15360,0,15360,15360,0,15360,15360,0,15360,15360,0,15360,15360,0,15360,15360,0,15360,15360,0,15360,15360,0,15360,15360,0,15360,15360,0,15360,15360,0,15360,15360,0,15360,15360,0,15360,15360,0,15360,15360,0,15360,15360,0,15360,15360,0,15360,15360,0,15360,15360,0,15360,15360,0,15360,15360,0,15360,15360,0,15360,64,1019021,2949534,1044480,0,0,1290654,1167360,0,17277204.0,0.0,92516195.0,0.0,0.0,163163.0,0,0,46855,0.0,0.0,486.0,0.0,64,0,0,0,61440,0,0,0,0,0.0,0.0,0.0,0.0,61440.0,0.0,0,368640,0.0,0.0,0.0,7.0,64,0,57660,0,0,0,57660,0,0,0,57660,0,0,0,57660,0,0,0,57660,0,0,0,57660,0,0,0,57660,0,0,0,57660,0,0,0,57660,0,0,0,57660,0,0,0,57660,0,0,0,57660,0,0,0,57660,0,0,0,57660,0,0,0,57660,0,0,0,57660,0,0,0,57660,0,0,0,57660,0,0,0,57660,0,0,0,57660,0,0,0,57660,0,0,0,57660,0,0,0,57660,0,0,0,57660,0,0,0,57660,0,0,0,57660,0,0,0,57660,0,0,0,57660,0,0,0,57660,0,0,0,57660,0,0,0,57660,0,0,0,57660,0,0,64,461136,379450,61440,5643952,14147671,0,192,0,57641,57641,6205391.0,5152691.0,0.0,4179.0,1794830.0,0.0,4681079.0,4205074.0,461128,389307,57641,0,57641,3510,1844512.0,1442317.0,0.0,0.0,6350365787384347.0,6350365787417147.0
2,"void kernel_gemm_xdlops_v2r4r2_simplified<GridwiseGemm_bk0mk1_bk0nk1_mn_xdlops_v2r4r2, false, (InMemoryDataOperationEnum)1, BlockToCTileMap_3DGrid_KSplit, PassThrough, PassThrough, PassThrough>(GridwiseGemm_bk0mk1_bk0nk1_mn_xdlops_v2r4r2<256, _Float16, _Float16, float, _Float16, RowMajor, ColumnMajor, RowMajor, PassThrough, PassThrough, PassThrough, (GemmSpecialization)3, 1, 256, 128, 4, 32, 32, 8, 4, 2, Sequence, Sequence, Sequence, 3, 8, 8, false, true, Sequence, Sequence, Sequence, 3, 8, 8, false, true, 1, 1, 8, Sequence, (LoopScheduler)0, (PipelineVersion)0, _Float16, _Float16, _Float16, Argument, BlockToCTileMap_3DGrid_KSplit PassThrough, PassThrough, PassThrough) (kd)",2,20889600,256,25088,0,96,96,32,64,5875200,0,20889600,1958400,2284800,13708800,9692774400,50918400,0.0,0.0,334233600.0,0.0,0.0,0.0,0,0,0.0,84941211.0,0.0,4428.0,64,0,1073804867,2610825,2610825,0,1074174729,2611001,2611001,0,1073685852,2610766,2610766,0,1072053665,2610766,2610766,0,1076087224,2610612,2610612,0,1072809192,2610793,2610793,0,1093417801,2610967,2610967,0,1102730944,2610596,2610596,0,1071620714,2610505,2610505,0,1069974207,2610888,2610888,0,1069087377,2610772,2610772,0,1064676700,2610676,2610676,0,1072763688,2610760,2610760,0,1073760393,2610801,2610801,0,1086507791,2610762,2610762,0,1104277645,2611086,2611086,0,1062319518,2610544,2610544,0,1061480978,2611227,2611227,0,1065674002,2610393,2610393,0,1068716647,2611145,2611145,0,1075482273,2610825,2610825,0,1074715887,2610381,2610381,0,1091505866,2611249,2611249,0,1105619900,2610594,2610594,0,1065083323,2610971,2610971,0,1062879687,2610462,2610462,0,1068016247,2610867,2610867,0,1067524840,2610607,2610607,0,1076523413,2610783,2610783,0,1074330740,2610968,2610968,0,1088143079,2610522,2610522,0,1102147510,2610608,2610608,64,0,0,9668,0,50918400,50892525,346,25662,24197211,31331880.0,0.0,0.0,22848000.0,1958400.0,0.0,0.0,22848000.0,81600,326400,6418,24357520,31000,0,192.0,2336.0,0.0,369904605.0,64,20889600,0,0,177561600,0,0,4569600,0.0,0.0,0.0,0.0,326400,0,83419045.0,125261.0,84597600.0,0.0,64,8906141,2654476,1115817,11560617,8905338,2654863,1115401,11560201,8906327,2654462,1115989,11560789,8904980,2654647,1114827,11559627,8905766,2655383,1116349,11561149,8905396,2654832,1115428,11560228,8906064,2654785,1116049,11560849,8905481,2654493,1115174,11559974,8905851,2654301,1115352,11560152,8905334,2654672,1115206,11560006,8906171,2654810,1116181,11560981,8905067,2654566,1114833,11559633,8905736,2654425,1115361,11560161,8905453,2654694,1115347,11560147,8906323,2654458,1115981,11560781,8905177,2654491,1114868,11559668,8905605,2654541,1115346,11560146,8905601,2654563,1115364,11560164,8906499,2654288,1115987,11560787,8905180,2654704,1115084,11559884,8905570,2654628,1115398,11560198,8905479,2654532,1115211,11560011,8906100,2654598,1115898,11560698,8904990,2654645,1114835,11559635,8905550,2654616,1115366,11560166,8905733,2654490,1115423,11560223,8906226,2654543,1115969,11560769,8905484,2654523,1115207,11560007,8906264,2654473,1115937,11560737,8905594,2654542,1115336,11560136,8906462,2654419,1116081,11560881,8905197,2655208,1115605,11560405,64,0,52876800,0,0,0,326400,258508800,2626330672,1939266.0,394669159.0,0.0,396898536.0,348117376.0,22848000.0,0,1479447479,0,68636,83544504.0,83544504.0,0.0,114917.0,64,340700,0,0,2284800,2279942,192,4666,1305600,1462272000.0,1462272000.0,125337600.0,0.0,20889600.0,365568000.0,20889600.0,0.0,47760260,23174109,86376,7560,8492,24338381,369973832.0,0.0,285030900.0,84942932.0,64,0.0,64,326400,652800,20889600,1958400,22848000,13708800,0,2284800,0.0,1336934400.0,840.0,396898536.0,0.0,0.0,24837023,0,8291,24342457,4406,35688764.0,0.0,334233600.0,83543877.0,64,3673,0,0,813140474,3431,0,0,811465851,3412,0,0,816182119,4226,0,0,818036896,3363,0,0,811314213,3930,0,0,812115493,3424,0,0,833353119,3406,0,0,845597288,4922,0,0,815344824,3848,0,0,813350075,3559,0,0,808619183,4170,0,0,809736121,3539,0,0,811592644,3248,0,0,815155103,3891,0,0,831618552,3975,0,0,843682113,3450,0,0,801127919,3559,0,0,802384266,3330,0,0,806006250,4102,0,0,807194544,3358,0,0,814249292,3208,0,0,816340624,3142,0,0,832021619,4689,0,0,844851735,3124,0,0,803109626,3317,0,0,800388144,4229,0,0,806761419,4095,0,0,807590712,3426,0,0,816087757,3558,0,0,813984435,2976,0,0,831690278,4665,0,0,847562017,64,35681146.0,0.0,334233600.0,2714793734.0,84942884.0,83543967.0,34454729912.0,26125566198.0,64,2654286,0,0,0,2654432,0,0,0,2654227,0,0,0,2654401,0,0,0,2654315,0,0,0,2654490,0,0,0,2654483,0,0,0,2654822,0,0,0,2654126,0,0,0,2654268,0,0,0,2654270,0,0,0,2655052,0,0,0,2654235,0,0,0,2654245,0,0,0,2654317,0,0,0,2654234,0,0,0,2654312,0,0,0,2654208,0,0,0,2654143,0,0,0,2654285,0,0,0,2654276,0,0,0,2654243,0,0,0,2654237,0,0,0,2654400,0,0,0,2654341,0,0,0,2654184,0,0,0,2654359,0,0,0,2654217,0,0,0,2654381,0,0,0,2654378,0,0,0,2654134,0,0,0,2654252,0,0,0,64,11562620,0,0,11561201,0,0,11562792,0,0,11560755,0,0,11562133,0,0,11561359,0,0,11562822,0,0,11561153,0,0,11562171,0,0,11561164,0,0,11562750,0,0,11560740,0,0,11562167,0,0,11561287,0,0,11562830,0,0,11560760,0,0,11562164,0,0,11561286,0,0,11562798,0,0,11560757,0,0,11562148,0,0,11561121,0,0,11562731,0,0,11560758,0,0,11562149,0,0,11561350,0,0,11562761,0,0,11561130,0,0,11562728,0,0,11561269,0,0,11562816,0,0,11560735,0,0,64,2647087261,298743271,139699200,22848000,102576244,151450227,15993600,0,26203133987.0,10272709948.0,232405842339.0,35749919.0,0.0,2002485603.0,0,380107140,24080111,0.0,0.0,111911.0,0.0,64,5222400,0,0,326400,0,0,0,0,0.0,0.0,0.0,0.0,0.0,0.0,0,1958400,0.0,0.0,0.0,108711.0,64,10444800,24347591,0,0,10444800,24347591,0,0,10444800,24347591,0,0,10444800,24347591,0,0,10444800,24347591,0,0,10444800,24347591,0,0,10444800,24347591,0,0,10444800,24347591,0,0,10444800,24347591,0,0,10444800,24347591,0,0,10444800,24347591,0,0,10444800,24347591,0,0,10444800,24347591,0,0,10444800,24347591,0,0,10444800,24347591,0,0,10444800,24347591,0,0,10444800,24347591,0,0,10444800,24347591,0,0,10444800,24347591,0,0,10444800,24347591,0,0,10444800,24347591,0,0,10444800,24347591,0,0,10444800,24347591,0,0,10444800,24347591,0,0,10444800,24347591,0,0,10444800,24347591,0,0,10444800,24347591,0,0,10444800,24347591,0,0,10444800,24347591,0,0,10444800,24347591,0,0,10444800,24347591,0,0,10444800,24347591,0,0,64,194865624,193563930,326400,2900360201,5572720566,9552,192,0,24358202,24354572,2904064619.0,2846543993.0,389290.0,703288013.0,2703709032.0,22848000.0,2835022154.0,2776592404.0,194865616,193581899,24352129,6073,24354567,5173,779462464.0,774028522.0,2174.0,0.0,6350365787852987.0,6350365804416353.0
3,__amd_rocclr_fillBufferAligned.kd,2,3932160,256,0,0,8,8,32,64,430080,61440,61440,0,430080,737280,82575360,552960,491520.0,0.0,0.0,0.0,61440.0,0.0,0,0,0.0,398.0,0.0,776.0,64,0,271,15360,15360,0,523,15360,15360,0,0,15360,15360,0,0,15360,15360,0,0,15360,15360,0,0,15360,15360,0,0,15360,15360,0,551,15360,15360,0,0,15360,15360,0,3121,15360,15360,0,0,15360,15360,0,1443,15360,15360,0,0,15360,15360,0,0,15360,15360,0,57118,15360,15360,0,0,15360,15360,0,0,15360,15360,0,0,15360,15360,0,0,15360,15360,0,151547,15360,15360,0,0,15360,15360,0,0,15360,15360,0,145766,15360,15360,0,272,15360,15360,0,0,15360,15360,0,257,15360,15360,0,22851,15360,15360,0,0,15360,15360,0,0,15360,15360,0,0,15360,15360,0,0,15360,15360,0,14509,15360,15360,64,0,0,528,0,552960,549733,96,3695,55819,0.0,0.0,0.0,61440.0,0.0,0.0,0.0,61440.0,15360,61440,777,78679,2214,0,144.0,374.0,0.0,491856.0,64,3932160,0,0,0,0,0,860160,0.0,0.0,0.0,0.0,61440,0,417793.0,73727.0,360458.0,0.0,64,0,15360,0,15360,0,15360,0,15360,0,15408,48,15408,0,15360,0,15360,0,15517,157,15517,0,15360,0,15360,0,15360,0,15360,94,15362,96,15456,141,15363,144,15504,0,15361,1,15361,0,15388,28,15388,188,15364,192,15552,0,15360,0,15360,0,15361,1,15361,0,15360,0,15360,0,15360,0,15360,0,15360,0,15360,0,15360,0,15360,0,15360,0,15360,0,15410,50,15410,0,15392,32,15392,0,15360,0,15360,0,15360,0,15360,47,15361,48,15408,0,15360,0,15360,0,15360,0,15360,0,15360,0,15360,0,15360,0,15360,0,15360,0,15360,0,15360,0,15360,0,15408,48,15408,0,15360,0,15360,64,61440,0,0,0,368640,61440,2887680,13230538,1795.0,963295.0,0.0,983040.0,303505.0,61440.0,0,0,0,29515,491520.0,491520.0,0.0,33073.0,64,828875,0,61440,430080,424953,192,4935,122880,3932160.0,3932160.0,0.0,3932160.0,0.0,0.0,0.0,61440.0,30810,92250,13432,3307,0,91423,492395.0,0.0,470.0,491925.0,64,0.0,64,122880,122880,61440,0,61440,737280,0,430080,0.0,0.0,120.0,983040.0,0.0,0.0,0,0,3697,74871,0,821.0,491520.0,0.0,491523.0,64,915,0,0,2596283,829,0,0,2828753,891,0,0,2960757,966,0,0,2969945,858,0,0,2528405,872,0,0,2536245,925,0,0,2944304,875,0,0,2676451,824,0,0,2402625,824,0,0,2556091,826,0,0,2427073,842,0,0,2553011,929,0,0,2775656,1429,0,0,2872062,802,0,0,2634455,841,0,0,2756529,1057,0,0,2785127,987,0,0,2432743,957,0,0,2649070,838,0,0,2492690,891,0,0,3106128,1528,0,0,2991632,974,0,0,2687823,881,0,0,2564834,879,0,0,2546562,810,0,0,2548465,912,0,0,2622891,1476,0,0,3145676,1047,0,0,2725184,972,0,0,2822685,792,0,0,2675434,2542,0,0,3310315,64,0.0,491520.0,0.0,3752639.0,455.0,491520.0,408140.0,88561485.0,64,0,0,0,0,0,0,0,0,0,0,0,0,1,0,0,0,0,0,0,0,0,0,0,0,0,0,0,0,50,0,0,0,0,0,0,0,0,0,0,0,0,0,0,0,201,0,0,0,0,0,0,0,0,0,0,0,0,0,0,0,0,0,0,0,0,0,0,0,0,0,0,0,0,0,0,0,1,0,0,0,0,0,0,0,0,0,0,0,0,0,0,0,60,0,0,0,0,0,0,0,0,0,0,0,0,0,0,0,48,0,0,0,0,0,0,0,6,0,0,0,0,0,0,0,48,0,0,0,64,15360,0,15360,15360,0,15360,15360,0,15360,15360,0,15360,15360,0,15360,15360,0,15360,15360,0,15360,15456,0,15360,15360,0,15360,15360,0,15360,15360,0,15360,15552,0,15360,15360,0,15360,15360,0,15360,15360,0,15360,15360,0,15360,15360,0,15360,15360,0,15360,15360,0,15360,15360,0,15360,15360,0,15360,15360,0,15360,15360,0,15360,15408,0,15360,15360,0,15360,15360,0,15360,15360,0,15360,15360,0,15360,15360,0,15360,15360,0,15360,15360,0,15360,15360,0,15360,64,1866641,2949281,1044480,0,0,1290401,1167360,0,18866116.0,0.0,96473069.0,0.0,0.0,525496.0,0,0,49777,0.0,0.0,33864.0,0.0,64,0,0,0,61440,0,0,0,0,0.0,0.0,0.0,0.0,61440.0,0.0,0,368640,0.0,0.0,0.0,3840.0,64,0,91227,0,0,0,91227,0,0,0,91227,0,0,0,91227,0,0,0,91227,0,0,0,91227,0,0,0,91227,0,0,0,91227,0,0,0,91227,0,0,0,91227,0,0,0,91227,0,0,0,91227,0,0,0,91227,0,0,0,91227,0,0,0,91227,0,0,0,91227,0,0,0,91227,0,0,0,91227,0,0,0,91227,0,0,0,91227,0,0,0,91227,0,0,0,91227,0,0,0,91227,0,0,0,91227,0,0,0,91227,0,0,0,91227,0,0,0,91227,0,0,0,91227,0,0,0,91227,0,0,0,91227,0,0,0,91227,0,0,0,91227,0,0,64,609928,402443,61440,5988217,16821797,336,192,0,76240,76240,6489851.0,5377206.0,27.0,17425.0,2179361.0,0.0,5008862.0,4579903.0,609920,416191,76240,0,76240,0,2439680.0,1708508.0,0.0,0.0,6350369991618577.0,6350369991663217.0
4,"void kernel_gemm_xdlops_v2r4r2_simplified<GridwiseGemm_bk0mk1_bk0nk1_mn_xdlops_v2r4r2, false, (InMemoryDataOperationEnum)1, BlockToCTileMap_3DGrid_KSplit, PassThrough, PassThrough, PassThrough>(GridwiseGemm_bk0mk1_bk0nk1_mn_xdlops_v2r4r2<256, _Float16, _Float16, float, _Float16, RowMajor, ColumnMajor, RowMajor, PassThrough, PassThrough, PassThrough, (GemmSpecialization)3, 1, 256, 128, 4, 32, 32, 8, 4, 2, Sequence, Sequence, Sequence, 3, 8, 8, false, true, Sequence, Sequence, Sequence, 3, 8, 8, false, true, 1, 1, 8, Sequence, (LoopScheduler)0, (PipelineVersion)0, _Float16, _Float16, _Float16, Argument, BlockToCTileMap_3DGrid_KSplit PassThrough, PassThrough, PassThrough) (kd)",2,20889600,256,25088,0,96,96,32,64,5875200,0,20889600,1958400,2284800,13708800,9692774400,50918400,0.0,0.0,334233600.0,0.0,0.0,0.0,0,0,0.0,84939850.0,0.0,3262.0,64,0,1075994107,2610864,2610864,0,1072185010,2610977,2610977,0,1074628372,2611099,2611099,0,1071808322,2610748,2610748,0,1075855945,2610749,2610749,0,1076476111,2610945,2610945,0,1093109308,2610908,2610908,0,1102652831,2610572,2610572,0,1072987929,2610651,2610651,0,1071794553,2611008,2611008,0,1069268218,2610788,2610788,0,1066677580,2610641,2610641,0,1076996160,2610789,2610789,0,1074473756,2610798,2610798,0,1089863283,2610773,2610773,0,1100671165,2611117,2611117,0,1066341188,2610769,2610769,0,1063666716,2611394,2611394,0,1065503131,2610540,2610540,0,1066495704,2611017,2611017,0,1075204940,2611072,2611072,0,1072575829,2610577,2610577,0,1091303010,2611120,2611120,0,1102696898,2610622,2610622,0,1067731559,2611108,2611108,0,1063924407,2610460,2610460,0,1068130092,2610800,2610800,0,1066254029,2610629,2610629,0,1076226069,2610956,2610956,0,1072459069,2610921,2610921,0,1090531433,2610658,2610658,0,1102250086,2610723,2610723,64,0,0,288,0,50918400,50918421,0,0,24175450,31331880.0,0.0,0.0,22848000.0,1958400.0,0.0,0.0,22848000.0,81600,326400,429,24187876,18923,0,288.0,1657.0,0.0,369979439.0,64,20889600,0,0,177561600,0,0,4569600,0.0,0.0,0.0,0.0,326400,0,83427671.0,122766.0,84545530.0,2.0,64,8905088,2654391,1114679,11559479,8908073,2654409,1117682,11562482,8905288,2654306,1114794,11559594,8907839,2654272,1117311,11562111,8904935,2654952,1115087,11559887,8907932,2654446,1117578,11562378,8905017,2654819,1115036,11559836,8908138,2654168,1117506,11562306,8905160,2654177,1114537,11559337,8907959,2654333,1117492,11562292,8905241,2654341,1114782,11559582,8907930,2654174,1117304,11562104,8905046,2654263,1114509,11559309,8908092,2654335,1117627,11562427,8905209,2654351,1114760,11559560,8907892,2654222,1117314,11562114,8904973,2654338,1114511,11559311,8908201,2654232,1117633,11562433,8905359,2654193,1114752,11559552,8907939,2654269,1117408,11562208,8905154,2654517,1114871,11559671,8908010,2654291,1117501,11562301,8905223,2654332,1114755,11559555,8907938,2654162,1117300,11562100,8904798,2654512,1114510,11559310,8908223,2654218,1117641,11562441,8905110,2654416,1114726,11559526,8908096,2654229,1117525,11562325,8905060,2654454,1114714,11559514,8908197,2654215,1117612,11562412,8905403,2654209,1114812,11559612,8907987,2654758,1117945,11562745,64,0,52876800,0,0,0,326400,258508800,2626056980,1938872.0,394667923.0,0.0,396898536.0,348634035.0,22848000.0,0,1490053646,0,65111,83548745.0,83548745.0,0.0,118257.0,64,198089,0,0,2284800,2280747,288,3765,1305600,1462272000.0,1462272000.0,125337600.0,0.0,20889600.0,365568000.0,20889600.0,0.0,47843661,23577161,51292,4748,0,24181425,369917081.0,0.0,284977390.0,84939691.0,64,0.0,64,326400,652800,20889600,1958400,22848000,13708800,0,2284800,0.0,1336934400.0,360.0,396898536.0,0.0,0.0,24673933,0,4767,24185543,2459,35745602.0,0.0,334233600.0,83548372.0,64,3868,0,0,812215206,4153,0,0,809562370,4008,0,0,813582102,4417,0,0,813137887,3749,0,0,815614082,4184,0,0,809900334,3899,0,0,832966540,4010,0,0,843758031,4289,0,0,811620915,3941,0,0,810947483,4101,0,0,809586948,4050,0,0,804888005,4062,0,0,811632820,4363,0,0,812727324,3806,0,0,829553948,3993,0,0,843461441,3639,0,0,803528430,4472,0,0,805433499,3406,0,0,805521842,4124,0,0,806693314,4452,0,0,812619987,4097,0,0,812381372,4219,0,0,833742244,4393,0,0,843264326,4364,0,0,803643526,4133,0,0,798768850,4055,0,0,809152789,4257,0,0,807210047,4483,0,0,812446007,4573,0,0,812687336,4380,0,0,832553469,3947,0,0,845484487,64,35716413.0,0.0,334233600.0,2719078830.0,84941014.0,83549638.0,34469816169.0,26160404791.0,64,2654482,0,0,0,2654545,0,0,0,2654294,0,0,0,2654485,0,0,0,2654498,0,0,0,2654656,0,0,0,2654788,0,0,0,2654781,0,0,0,2654241,0,0,0,2654505,0,0,0,2654427,0,0,0,2654996,0,0,0,2654336,0,0,0,2654463,0,0,0,2654321,0,0,0,2654330,0,0,0,2654457,0,0,0,2654400,0,0,0,2654190,0,0,0,2654369,0,0,0,2654414,0,0,0,2654382,0,0,0,2654383,0,0,0,2654502,0,0,0,2654492,0,0,0,2654317,0,0,0,2654407,0,0,0,2654338,0,0,0,2654434,0,0,0,2654493,0,0,0,2654239,0,0,0,2654310,0,0,0,64,11562400,0,0,11559900,0,0,11562543,0,0,11559555,0,0,11562261,0,0,11559824,0,0,11562573,0,0,11559732,0,0,11562276,0,0,11559714,0,0,11562463,0,0,11559558,0,0,11562281,0,0,11559885,0,0,11562569,0,0,11559567,0,0,11562305,0,0,11559844,0,0,11562546,0,0,11559537,0,0,11562308,0,0,11559730,0,0,11562479,0,0,11559540,0,0,11562292,0,0,11559883,0,0,11562516,0,0,11559725,0,0,11562442,0,0,11559866,0,0,11562534,0,0,11559556,0,0,64,2652614166,298741983,139699200,22848000,102574982,151450201,15993600,0,26215814475.0,10337594563.0,232441122716.0,35769194.0,0.0,2004946294.0,0,378707355,24119938,0.0,0.0,134757.0,0.0,64,5222400,0,0,326400,0,0,0,0,0.0,0.0,0.0,0.0,0.0,0.0,0,1958400,0.0,0.0,0.0,39137.0,64,10444800,24191381,0,0,10444800,24191381,0,0,10444800,24191381,0,0,10444800,24191381,0,0,10444800,24191381,0,0,10444800,24191381,0,0,10444800,24191381,0,0,10444800,24191381,0,0,10444800,24191381,0,0,10444800,24191381,0,0,10444800,24191381,0,0,10444800,24191381,0,0,10444800,24191381,0,0,10444800,24191381,0,0,10444800,24191381,0,0,10444800,24191381,0,0,10444800,24191381,0,0,10444800,24191381,0,0,10444800,24191381,0,0,10444800,24191381,0,0,10444800,24191381,0,0,10444800,24191381,0,0,10444800,24191381,0,0,10444800,24191381,0,0,10444800,24191381,0,0,10444800,24191381,0,0,10444800,24191381,0,0,10444800,24191381,0,0,10444800,24191381,0,0,10444800,24191381,0,0,10444800,24191381,0,0,10444800,24191381,0,0,64,193450848,193303177,326400,2897769040,5570306403,0,288,0,24181355,24181355,2899846394.0,2845637019.0,391168.0,701989062.0,2703100889.0,22848000.0,2834186089.0,2775755433.0,193450840,193312929,24181355,0,24181355,2508,773803360.0,772968642.0,26.0,0.0,6350369991670417.0,6350370008116186.0
5,"void kernel_gemm_xdlops_v2r4r2_simplified<GridwiseGemm_bk0mk1_bk0nk1_mn_xdlops_v2r4r2, false, (InMemoryDataOperationEnum)1, BlockToCTileMap_3DGrid_KSplit, PassThrough, PassThrough, PassThrough>(GridwiseGemm_bk0mk1_bk0nk1_mn_xdlops_v2r4r2<256, _Float16, _Float16, float, _Float16, RowMajor, ColumnMajor, RowMajor, PassThrough, PassThrough, PassThrough, (GemmSpecialization)3, 1, 256, 128, 4, 32, 32, 8, 4, 2, Sequence, Sequence, Sequence, 3, 8, 8, false, true, Sequence, Sequence, Sequence, 3, 8, 8, false, true, 1, 1, 8, Sequence, (LoopScheduler)0, (PipelineVersion)0, _Float16, _Float16, _Float16, Argument, BlockToCTileMap_3DGrid_KSplit PassThrough, PassThrough, PassThrough) (kd)",2,20889600,256,25088,0,96,96,32,64,5875200,0,20889600,1958400,2284800,13708800,9692774400,50918400,0.0,0.0,334233600.0,0.0,0.0,0.0,0,0,0.0,84939439.0,0.0,2078.0,64,0,1074543195,2612960,2612960,0,1071971109,2613162,2613162,0,1075032056,2613018,2613018,0,1071089162,2612820,2612820,0,1077083009,2612765,2612765,0,1073613397,2613106,2613106,0,1092823800,2613052,2613052,0,1105070493,2612901,2612901,0,1072284110,2612668,2612668,0,1068580017,2613042,2613042,0,1070054099,2613025,2613025,0,1065860971,2612870,2612870,0,1076781904,2612863,2612863,0,1076384198,2612951,2612951,0,1089561775,2612776,2612776,0,1101560625,2613233,2613233,0,1067285154,2612770,2612770,0,1062247028,2613575,2613575,0,1066949798,2612663,2612663,0,1064224048,2613065,2613065,0,1076048831,2612935,2612935,0,1073333240,2612666,2612666,0,1091655642,2613333,2613333,0,1103019247,2612706,2612706,0,1066207909,2613178,2613178,0,1059830775,2612610,2612610,0,1067717414,2613190,2613190,0,1065969558,2612767,2612767,0,1077962647,2612969,2612969,0,1072858439,2612942,2612942,0,1092643122,2612703,2612703,0,1101926945,2612637,2612637,64,0,0,288,0,50918400,50918422,0,0,24159576,31331880.0,0.0,0.0,22848000.0,1958400.0,0.0,0.0,22848000.0,81600,326400,509,24173392,12073,0,288.0,1086.0,0.0,369937610.0,64,20889600,0,0,177561600,0,0,4569600,0.0,0.0,0.0,0.0,326400,0,83491736.0,121805.0,84677753.0,0.0,64,8907053,2654449,1116702,11561502,8907775,2654433,1117408,11562208,8907233,2654352,1116785,11561585,8907648,2654447,1117295,11562095,8906915,2654919,1117034,11561834,8907521,2654614,1117335,11562135,8907023,2654814,1117037,11561837,8907786,2654290,1117276,11562076,8907216,2654276,1116692,11561492,8907602,2654479,1117281,11562081,8907200,2654406,1116806,11561606,8907714,2654337,1117251,11562051,8907053,2654427,1116680,11561480,8907785,2654437,1117422,11562222,8907245,2654331,1116776,11561576,8907692,2654387,1117279,11562079,8906942,2654519,1116661,11561461,8907865,2654374,1117439,11562239,8907319,2654225,1116744,11561544,8907731,2654395,1117326,11562126,8907345,2654534,1117079,11561879,8907722,2654365,1117287,11562087,8907158,2654377,1116735,11561535,8907657,2654380,1117237,11562037,8906906,2654569,1116675,11561475,8907906,2654303,1117409,11562209,8907034,2654470,1116704,11561504,8907739,2654362,1117301,11562101,8907057,2654435,1116692,11561492,8907868,2654348,1117416,11562216,8907361,2654235,1116796,11561596,8907760,2654513,1117473,11562273,64,0,52876800,0,0,0,326400,258508800,2625171221,1938021.0,394668812.0,0.0,396898536.0,348447160.0,22848000.0,0,1494936832,0,69211,83615191.0,83615191.0,0.0,125905.0,64,143232,0,0,2284800,2280801,288,3711,1305600,1462272000.0,1462272000.0,125337600.0,0.0,20889600.0,365568000.0,20889600.0,0.0,47783460,22811742,50203,5424,0,24163683,370008166.0,0.0,285067960.0,84940206.0,64,0.0,64,326400,652800,20889600,1958400,22848000,13708800,0,2284800,0.0,1336934400.0,360.0,396898536.0,0.0,0.0,25138369,0,5855,24187624,1167,35772350.0,0.0,334233600.0,83613514.0,64,3996,0,0,814120247,3809,0,0,811526367,4438,0,0,814298531,4208,0,0,815381170,3712,0,0,815313278,4162,0,0,814545088,4056,0,0,832550618,4584,0,0,847600727,3792,0,0,811980713,3981,0,0,811570665,4060,0,0,808161814,3850,0,0,807515515,3853,0,0,814546169,4598,0,0,813338415,4195,0,0,828874234,4056,0,0,842837288,3686,0,0,803117654,3843,0,0,805029382,4000,0,0,804884592,3967,0,0,805905129,3999,0,0,814050574,4017,0,0,814375653,3769,0,0,831073397,4398,0,0,846609147,3700,0,0,805318448,4172,0,0,803043584,3742,0,0,805880930,4636,0,0,806542513,3633,0,0,814764076,4106,0,0,812633509,4339,0,0,829329287,3905,0,0,846148317,64,35777521.0,0.0,334233600.0,2719783762.0,84938325.0,83613483.0,34481608070.0,26162802694.0,64,2654354,0,0,0,2654512,0,0,0,2654300,0,0,0,2654341,0,0,0,2654490,0,0,0,2654495,0,0,0,2654791,0,0,0,2654333,0,0,0,2654241,0,0,0,2654376,0,0,0,2654498,0,0,0,2654687,0,0,0,2654377,0,0,0,2654462,0,0,0,2654382,0,0,0,2654187,0,0,0,2654441,0,0,0,2654387,0,0,0,2654244,0,0,0,2654281,0,0,0,2654465,0,0,0,2654295,0,0,0,2654447,0,0,0,2654355,0,0,0,2654532,0,0,0,2654293,0,0,0,2654466,0,0,0,2654247,0,0,0,2654374,0,0,0,2654308,0,0,0,2654272,0,0,0,2654240,0,0,0,64,11562770,0,0,11561784,0,0,11562860,0,0,11561636,0,0,11562803,0,0,11561712,0,0,11562886,0,0,11561619,0,0,11562763,0,0,11561681,0,0,11562803,0,0,11561620,0,0,11562759,0,0,11561805,0,0,11562871,0,0,11561646,0,0,11562777,0,0,11561773,0,0,11562902,0,0,11561628,0,0,11562782,0,0,11561629,0,0,11562799,0,0,11561643,0,0,11562804,0,0,11561765,0,0,11562852,0,0,11561626,0,0,11562812,0,0,11561781,0,0,11562843,0,0,11561694,0,0,64,2656364444,298742650,139699200,22848000,102575589,151450261,15993600,0,26236577003.0,10321478023.0,232600296837.0,35777510.0,0.0,2007161512.0,0,381500175,24129311,0.0,0.0,119173.0,0.0,64,5222400,0,0,326400,0,0,0,0,0.0,0.0,0.0,0.0,0.0,0.0,0,1958400,0.0,0.0,0.0,2.0,64,10444800,24167867,0,0,10444800,24167867,0,0,10444800,24167867,0,0,10444800,24167867,0,0,10444800,24167867,0,0,10444800,24167867,0,0,10444800,24167867,0,0,10444800,24167867,0,0,10444800,24167867,0,0,10444800,24167867,0,0,10444800,24167867,0,0,10444800,24167867,0,0,10444800,24167867,0,0,10444800,24167867,0,0,10444800,24167867,0,0,10444800,24167867,0,0,10444800,24167867,0,0,10444800,24167867,0,0,10444800,24167867,0,0,10444800,24167867,0,0,10444800,24167867,0,0,10444800,24167867,0,0,10444800,24167867,0,0,10444800,24167867,0,0,10444800,24167867,0,0,10444800,24167867,0,0,10444800,24167867,0,0,10444800,24167867,0,0,10444800,24167867,0,0,10444800,24167867,0,0,10444800,24167867,0,0,10444800,24167867,0,0,64,193440736,193285170,326400,2897753604,5571081240,0,288,0,24180091,24180091,2899576256.0,2845409095.0,390693.0,701787497.0,2702876187.0,22848000.0,2833906859.0,2775460732.0,193440728,193295017,24180091,0,24180091,1155,773762912.0,772968479.0,6.0,0.0,6350370008116186.0,6350370024575391.0
6,"void kernel_gemm_xdlops_v2r4r2_simplified<GridwiseGemm_bk0mk1_bk0nk1_mn_xdlops_v2r4r2, false, (InMemoryDataOperationEnum)1, BlockToCTileMap_3DGrid_KSplit, PassThrough, PassThrough, PassThrough>(GridwiseGemm_bk0mk1_bk0nk1_mn_xdlops_v2r4r2<256, _Float16, _Float16, float, _Float16, RowMajor, ColumnMajor, RowMajor, PassThrough, PassThrough, PassThrough, (GemmSpecialization)3, 1, 256, 128, 4, 32, 32, 8, 4, 2, Sequence, Sequence, Sequence, 3, 8, 8, false, true, Sequence, Sequence, Sequence, 3, 8, 8, false, true, 1, 1, 8, Sequence, (LoopScheduler)0, (PipelineVersion)0, _Float16, _Float16, _Float16, Argument, BlockToCTileMap_3DGrid_KSplit PassThrough, PassThrough, PassThrough) (kd)",2,20889600,256,25088,0,96,96,32,64,5875200,0,20889600,1958400,2284800,13708800,9692774400,50918400,0.0,0.0,334233600.0,0.0,0.0,0.0,0,0,0.0,84939787.0,0.0,1978.0,64,0,1073402866,2613026,2613026,0,1074628295,2613302,2613302,0,1071934614,2613150,2613150,0,1073643314,2612823,2612823,0,1075073846,2612821,2612821,0,1077166184,2613059,2613059,0,1095494104,2613119,2613119,0,1101368979,2612816,2612816,0,1073477619,2612821,2612821,0,1069292299,2613023,2613023,0,1069423736,2613096,2613096,0,1067063886,2612884,2612884,0,1076769021,2613003,2613003,0,1076330198,2612994,2612994,0,1087102064,2612906,2612906,0,1101771499,2613309,2613309,0,1063849813,2612911,2612911,0,1064074259,2613620,2613620,0,1064769464,2612708,2612708,0,1065382152,2613257,2613257,0,1073733158,2612968,2612968,0,1073552978,2612711,2612711,0,1090293656,2613429,2613429,0,1102920794,2612713,2612713,0,1068174680,2613137,2613137,0,1063582919,2612505,2612505,0,1066666440,2613150,2613150,0,1067401617,2612823,2612823,0,1074936223,2612940,2612940,0,1077192616,2613162,2613162,0,1088365507,2612792,2612792,0,1102640613,2612669,2612669,64,0,0,288,0,50918400,50918428,0,0,24172378,31331880.0,0.0,0.0,22848000.0,1958400.0,0.0,0.0,22848000.0,81600,326400,429,24185142,11566,0,288.0,1020.0,0.0,369992509.0,64,20889600,0,0,177561600,0,0,4569600,0.0,0.0,0.0,0.0,326400,0,83488288.0,126317.0,84674878.0,1.0,64,8907107,2654498,1116805,11561605,8907265,2654677,1117142,11561942,8907298,2654440,1116938,11561738,8907200,2654576,1116976,11561776,8907352,2654966,1117518,11562318,8907094,2654729,1117023,11561823,8907104,2654936,1117240,11562040,8907354,2654391,1116945,11561745,8907324,2654334,1116858,11561658,8907109,2654677,1116986,11561786,8907143,2654586,1116929,11561729,8907349,2654438,1116987,11561787,8907216,2654422,1116838,11561638,8907306,2654629,1117135,11561935,8907322,2654437,1116959,11561759,8907288,2654447,1116935,11561735,8907205,2654481,1116886,11561686,8907292,2654577,1117069,11561869,8907413,2654322,1116935,11561735,8907287,2654491,1116978,11561778,8907098,2654572,1116870,11561670,8907249,2654534,1116983,11561783,8907122,2654521,1116843,11561643,8907309,2654457,1116966,11561766,8907120,2654534,1116854,11561654,8907446,2654444,1117090,11561890,8907110,2654600,1116910,11561710,8907326,2654436,1116962,11561762,8907157,2654503,1116860,11561660,8907459,2654467,1117126,11561926,8907380,2654369,1116949,11561749,8907345,2654607,1117152,11561952,64,0,52876800,0,0,0,326400,258508800,2628599222,1935200.0,394671935.0,0.0,396898536.0,349000900.0,22848000.0,0,1449815823,0,66350,83611339.0,83611339.0,0.0,105186.0,64,148421,0,0,2284800,2280741,288,3771,1305600,1462272000.0,1462272000.0,125337600.0,0.0,20889600.0,365568000.0,20889600.0,0.0,47812999,22754836,50760,5357,0,24173525,370016182.0,0.0,285077174.0,84939008.0,64,0.0,64,326400,652800,20889600,1958400,22848000,13708800,0,2284800,0.0,1336934400.0,360.0,396898536.0,0.0,0.0,24789983,0,5773,24174058,1160,35747433.0,0.0,334233600.0,83613112.0,64,4401,0,0,817008619,3981,0,0,813825025,3623,0,0,813207285,4281,0,0,815020568,3950,0,0,814175225,3702,0,0,813664985,3301,0,0,832455417,3892,0,0,847227875,3815,0,0,813963557,3207,0,0,810412937,3900,0,0,810360505,4714,0,0,806207267,3828,0,0,812982215,3432,0,0,811873116,4137,0,0,829600842,4437,0,0,846568231,4838,0,0,804227384,3721,0,0,802451146,4105,0,0,809771777,4283,0,0,807263685,4419,0,0,817599684,3764,0,0,812677408,3936,0,0,832581941,4599,0,0,844146207,3551,0,0,805237968,3536,0,0,800583470,3779,0,0,808679282,3972,0,0,810515225,4170,0,0,818399188,3094,0,0,813588329,3263,0,0,830973842,4469,0,0,844326952,64,35742894.0,0.0,334233600.0,2716056840.0,84943071.0,83615879.0,34471661643.0,26166781842.0,64,2654251,0,0,0,2654322,0,0,0,2654124,0,0,0,2654257,0,0,0,2654367,0,0,0,2654395,0,0,0,2654652,0,0,0,2654252,0,0,0,2654154,0,0,0,2654218,0,0,0,2654252,0,0,0,2654597,0,0,0,2654256,0,0,0,2654209,0,0,0,2654189,0,0,0,2654212,0,0,0,2654358,0,0,0,2654184,0,0,0,2654080,0,0,0,2654226,0,0,0,2654367,0,0,0,2654118,0,0,0,2654187,0,0,0,2654308,0,0,0,2654456,0,0,0,2654142,0,0,0,2654278,0,0,0,2654205,0,0,0,2654259,0,0,0,2654179,0,0,0,2654066,0,0,0,2654170,0,0,0,64,11561894,0,0,11561128,0,0,11561983,0,0,11561052,0,0,11561914,0,0,11561105,0,0,11561999,0,0,11561000,0,0,11561871,0,0,11561051,0,0,11561882,0,0,11561033,0,0,11561888,0,0,11561157,0,0,11561996,0,0,11561018,0,0,11561906,0,0,11561171,0,0,11561972,0,0,11561038,0,0,11561887,0,0,11561046,0,0,11561893,0,0,11561035,0,0,11561932,0,0,11561106,0,0,11561958,0,0,11561034,0,0,11561897,0,0,11561181,0,0,11561967,0,0,11561017,0,0,64,2651984340,298741947,139699200,22848000,102574953,151450194,15993600,0,26215671792.0,10282775152.0,232472055713.0,35768767.0,0.0,2005595694.0,0,381115860,24111716,0.0,0.0,122138.0,0.0,64,5222400,0,0,326400,0,0,0,0,0.0,0.0,0.0,0.0,0.0,0.0,0,1958400,0.0,0.0,0.0,33.0,64,10444800,24189866,0,0,10444800,24189866,0,0,10444800,24189866,0,0,10444800,24189866,0,0,10444800,24189866,0,0,10444800,24189866,0,0,10444800,24189866,0,0,10444800,24189866,0,0,10444800,24189866,0,0,10444800,24189866,0,0,10444800,24189866,0,0,10444800,24189866,0,0,10444800,24189866,0,0,10444800,24189866,0,0,10444800,24189866,0,0,10444800,24189866,0,0,10444800,24189866,0,0,10444800,24189866,0,0,10444800,24189866,0,0,10444800,24189866,0,0,10444800,24189866,0,0,10444800,24189866,0,0,10444800,24189866,0,0,10444800,24189866,0,0,10444800,24189866,0,0,10444800,24189866,0,0,10444800,24189866,0,0,10444800,24189866,0,0,10444800,24189866,0,0,10444800,24189866,0,0,10444800,24189866,0,0,10444800,24189866,0,0,64,193354376,193212440,326400,2896520638,5566786194,0,288,0,24169296,24169296,2898484886.0,2844035974.0,390205.0,700404920.0,2701271964.0,22848000.0,2832524992.0,2774074418.0,193354368,193221891,24169296,0,24169296,1154,773417472.0,772693754.0,6.0,0.0,6350370024575391.0,6350370041038277.0
7,"void kernel_gemm_xdlops_v2r4r2_simplified<GridwiseGemm_bk0mk1_bk0nk1_mn_xdlops_v2r4r2, false, (InMemoryDataOperationEnum)1, BlockToCTileMap_3DGrid_KSplit, PassThrough, PassThrough, PassThrough>(GridwiseGemm_bk0mk1_bk0nk1_mn_xdlops_v2r4r2<256, _Float16, _Float16, float, _Float16, RowMajor, ColumnMajor, RowMajor, PassThrough, PassThrough, PassThrough, (GemmSpecialization)3, 1, 256, 128, 4, 32, 32, 8, 4, 2, Sequence, Sequence, Sequence, 3, 8, 8, false, true, Sequence, Sequence, Sequence, 3, 8, 8, false, true, 1, 1, 8, Sequence, (LoopScheduler)0, (PipelineVersion)0, _Float16, _Float16, _Float16, Argument, BlockToCTileMap_3DGrid_KSplit PassThrough, PassThrough, PassThrough) (kd)",2,20889600,256,25088,0,96,96,32,64,5875200,0,20889600,1958400,2284800,13708800,9692774400,50918400,0.0,0.0,334233600.0,0.0,0.0,0.0,0,0,0.0,84941620.0,0.0,1790.0,64,0,1073894942,2612904,2612904,0,1070390953,2613297,2613297,0,1073091628,2613030,2613030,0,1074426228,2612764,2612764,0,1072777277,2612829,2612829,0,1077993022,2612997,2612997,0,1093531123,2613023,2613023,0,1101918560,2612685,2612685,0,1070720035,2612754,2612754,0,1070244548,2613113,2613113,0,1066098082,2613011,2613011,0,1069817434,2612829,2612829,0,1076403791,2612896,2612896,0,1076810363,2612969,2612969,0,1090771886,2612881,2612881,0,1104318698,2613252,2613252,0,1065284911,2612818,2612818,0,1065303766,2613496,2613496,0,1062735040,2612597,2612597,0,1068461964,2613207,2613207,0,1073684471,2613122,2613122,0,1075910678,2612671,2612671,0,1088585130,2613230,2613230,0,1104132562,2612639,2612639,0,1062974454,2613083,2613083,0,1063388665,2612554,2612554,0,1067579542,2612979,2612979,0,1068897150,2612742,2612742,0,1076198401,2612856,2612856,0,1071788090,2613034,2613034,0,1087331806,2612749,2612749,0,1102787634,2612583,2612583,64,0,0,288,0,50918400,50918435,0,0,24163420,31331880.0,0.0,0.0,22848000.0,1958400.0,0.0,0.0,22848000.0,81600,326400,509,24176968,12068,0,288.0,946.0,0.0,370000575.0,64,20889600,0,0,177561600,0,0,4569600,0.0,0.0,0.0,0.0,326400,0,83492554.0,121584.0,84674699.0,0.0,64,8908776,2654406,1118382,11563182,8908571,2654522,1118293,11563093,8908908,2654336,1118444,11563244,8908510,2654471,1118181,11562981,8908899,2654911,1119010,11563810,8908486,2654597,1118283,11563083,8908632,2654864,1118696,11563496,8908630,2654372,1118202,11563002,8908997,2654165,1118362,11563162,8908481,2654502,1118183,11562983,8908795,2654454,1118449,11563249,8908506,2654452,1118158,11562958,8908819,2654349,1118368,11563168,8908610,2654483,1118293,11563093,8908811,2654436,1118447,11563247,8908544,2654439,1118183,11562983,8908718,2654419,1118337,11563137,8908734,2654382,1118316,11563116,8908941,2654291,1118432,11563232,8908500,2654484,1118184,11562984,8908789,2654390,1118379,11563179,8908617,2654352,1118169,11562969,8908700,2654444,1118344,11563144,8908523,2654470,1118193,11562993,8908664,2654521,1118385,11563185,8908750,2654324,1118274,11563074,8908674,2654501,1118375,11563175,8908619,2654351,1118170,11562970,8908785,2654360,1118345,11563145,8908710,2654394,1118304,11563104,8908982,2654267,1118449,11563249,8908640,2654439,1118279,11563079,64,0,52876800,0,0,0,326400,258508800,2625259683,1937885.0,394668354.0,0.0,396898536.0,349389990.0,22848000.0,0,1497738794,0,63635,83614687.0,83614687.0,0.0,127438.0,64,147937,0,0,2284800,2280820,288,3692,1305600,1462272000.0,1462272000.0,125337600.0,0.0,20889600.0,365568000.0,20889600.0,0.0,47771837,23283094,52387,5357,0,24158924,369997142.0,0.0,285059015.0,84938127.0,64,0.0,64,326400,652800,20889600,1958400,22848000,13708800,0,2284800,0.0,1336934400.0,360.0,396898536.0,0.0,0.0,24596279,0,5905,24179918,1160,35766719.0,0.0,334233600.0,83613629.0,64,2866,0,0,813078146,3126,0,0,811912549,3184,0,0,816274320,3414,0,0,813455527,2648,0,0,813934773,2661,0,0,813268317,3572,0,0,834557596,3672,0,0,844330793,2555,0,0,812133477,2906,0,0,810467961,3127,0,0,809206631,3251,0,0,808693294,4120,0,0,813772548,3364,0,0,808966940,3023,0,0,827909865,3258,0,0,842510521,3326,0,0,803054863,3955,0,0,800976058,3616,0,0,806770175,2938,0,0,807305695,3961,0,0,813686721,3060,0,0,814783237,3166,0,0,833513837,3036,0,0,847295942,2856,0,0,805956955,3335,0,0,800097068,3282,0,0,810123888,3058,0,0,807322965,3013,0,0,817612950,3207,0,0,812285774,3345,0,0,834772507,2946,0,0,844074366,64,35743415.0,0.0,334233600.0,2716741296.0,84943619.0,83614547.0,34487087108.0,26175702888.0,64,2654383,0,0,0,2654448,0,0,0,2654290,0,0,0,2654375,0,0,0,2654496,0,0,0,2654490,0,0,0,2654721,0,0,0,2654261,0,0,0,2654231,0,0,0,2654323,0,0,0,2654388,0,0,0,2654731,0,0,0,2654315,0,0,0,2654276,0,0,0,2654371,0,0,0,2654282,0,0,0,2654368,0,0,0,2654259,0,0,0,2654248,0,0,0,2654277,0,0,0,2654418,0,0,0,2654255,0,0,0,2654316,0,0,0,2654389,0,0,0,2654473,0,0,0,2654221,0,0,0,2654345,0,0,0,2654246,0,0,0,2654340,0,0,0,2654323,0,0,0,2654205,0,0,0,2654204,0,0,0,64,11561603,0,0,11561510,0,0,11561682,0,0,11561372,0,0,11561585,0,0,11561466,0,0,11561685,0,0,11561419,0,0,11561613,0,0,11561416,0,0,11561600,0,0,11561394,0,0,11561606,0,0,11561514,0,0,11561674,0,0,11561421,0,0,11561647,0,0,11561502,0,0,11561663,0,0,11561419,0,0,11561621,0,0,11561374,0,0,11561630,0,0,11561386,0,0,11561579,0,0,11561535,0,0,11561633,0,0,11561378,0,0,11561619,0,0,11561499,0,0,11561707,0,0,11561386,0,0,64,2644921830,298740722,139699200,22848000,102573786,151450136,15993600,0,26218142392.0,10285424241.0,232396599359.0,35772152.0,0.0,2004053688.0,0,372342660,24131176,0.0,0.0,124654.0,0.0,64,5222400,0,0,326400,0,0,0,0,0.0,0.0,0.0,0.0,0.0,0.0,0,1958400,0.0,0.0,0.0,3.0,64,10444800,24173695,0,0,10444800,24173695,0,0,10444800,24173695,0,0,10444800,24173695,0,0,10444800,24173695,0,0,10444800,24173695,0,0,10444800,24173695,0,0,10444800,24173695,0,0,10444800,24173695,0,0,10444800,24173695,0,0,10444800,24173695,0,0,10444800,24173695,0,0,10444800,24173695,0,0,10444800,24173695,0,0,10444800,24173695,0,0,10444800,24173695,0,0,10444800,24173695,0,0,10444800,24173695,0,0,10444800,24173695,0,0,10444800,24173695,0,0,10444800,24173695,0,0,10444800,24173695,0,0,10444800,24173695,0,0,10444800,24173695,0,0,10444800,24173695,0,0,10444800,24173695,0,0,10444800,24173695,0,0,10444800,24173695,0,0,10444800,24173695,0,0,10444800,24173695,0,0,10444800,24173695,0,0,10444800,24173695,0,0,64,193528224,193365436,326400,2898657380,5573801356,0,288,0,24191027,24191027,2900780002.0,2846368530.0,391912.0,704132817.0,2704018706.0,22848000.0,2834907336.0,2776475372.0,193528216,193374841,24191027,0,24191027,1133,774112864.0,773274079.0,6.0,0.0,6350370041038097.0,6350370057488666.0
8,"void kernel_gemm_xdlops_v2r4r2_simplified<GridwiseGemm_bk0mk1_bk0nk1_mn_xdlops_v2r4r2, false, (InMemoryDataOperationEnum)1, BlockToCTileMap_3DGrid_KSplit, PassThrough, PassThrough, PassThrough>(GridwiseGemm_bk0mk1_bk0nk1_mn_xdlops_v2r4r2<256, _Float16, _Float16, float, _Float16, RowMajor, ColumnMajor, RowMajor, PassThrough, PassThrough, PassThrough, (GemmSpecialization)3, 1, 256, 128, 4, 32, 32, 8, 4, 2, Sequence, Sequence, Sequence, 3, 8, 8, false, true, Sequence, Sequence, Sequence, 3, 8, 8, false, true, 1, 1, 8, Sequence, (LoopScheduler)0, (PipelineVersion)0, _Float16, _Float16, _Float16, Argument, BlockToCTileMap_3DGrid_KSplit PassThrough, PassThrough, PassThrough) (kd)",2,20889600,256,25088,0,96,96,32,64,5875200,0,20889600,1958400,2284800,13708800,9692774400,50918400,0.0,0.0,334233600.0,0.0,0.0,0.0,0,0,0.0,84940310.0,0.0,1782.0,64,0,1075213399,2612946,2612946,0,1073082015,2613360,2613360,0,1073840952,2613100,2613100,0,1072619845,2612961,2612961,0,1075172482,2612937,2612937,0,1072848199,2612974,2612974,0,1089165184,2613107,2613107,0,1100563743,2612535,2612535,0,1069711027,2612838,2612838,0,1069895788,2612926,2612926,0,1066759624,2612974,2612974,0,1066921381,2612879,2612879,0,1072507046,2612973,2612973,0,1075555912,2612885,2612885,0,1087736218,2612838,2612838,0,1103194682,2613237,2613237,0,1062491275,2612936,2612936,0,1065559966,2613503,2613503,0,1066628955,2612522,2612522,0,1067347442,2613262,2613262,0,1075234353,2613020,2613020,0,1072398796,2612624,2612624,0,1091563921,2613230,2613230,0,1105161756,2612799,2612799,0,1066104274,2613256,2613256,0,1063727096,2612517,2612517,0,1065920540,2612916,2612916,0,1065873658,2612774,2612774,0,1075303022,2613149,2613149,0,1075458568,2613096,2613096,0,1088092930,2612664,2612664,0,1101775690,2612728,2612728,64,0,0,288,0,50918400,50918416,0,0,24170209,31331880.0,0.0,0.0,22848000.0,1958400.0,0.0,0.0,22848000.0,81600,326400,429,24183542,11190,0,288.0,953.0,0.0,370018560.0,64,20889600,0,0,177561600,0,0,4569600,0.0,0.0,0.0,0.0,326400,0,83489569.0,124999.0,84677370.0,0.0,64,8907749,2654420,1117369,11562169,8908932,2654232,1118364,11563164,8908052,2654224,1117476,11562276,8908820,2654188,1118208,11563008,8907788,2654953,1117941,11562741,8908830,2654281,1118311,11563111,8907856,2654704,1117760,11562560,8908930,2654069,1118199,11562999,8907996,2654227,1117423,11562223,8908830,2654136,1118166,11562966,8907972,2654348,1117520,11562320,8908876,2654135,1118211,11563011,8907843,2654354,1117397,11562197,8909031,2654106,1118337,11563137,8908090,2654189,1117479,11562279,8908963,2654035,1118198,11562998,8907795,2654433,1117428,11562228,8909039,2654066,1118305,11563105,8908264,2654035,1117499,11562299,8908936,2654080,1118216,11563016,8907815,2654443,1117458,11562258,8908925,2654075,1118200,11563000,8907979,2654250,1117429,11562229,8908837,2654140,1118177,11562977,8908024,2654471,1117695,11562495,8909064,2654048,1118312,11563112,8907945,2654304,1117449,11562249,8908881,2654112,1118193,11562993,8907820,2654381,1117401,11562201,8909097,2654054,1118351,11563151,8908195,2654114,1117509,11562309,8908948,2654132,1118280,11563080,64,0,52876800,0,0,0,326400,258508800,2626116368,1939823.0,394666404.0,0.0,396898536.0,348592581.0,22848000.0,0,1456600368,0,64386,83614811.0,83614811.0,0.0,136592.0,64,151984,0,0,2284800,2280863,288,3649,1305600,1462272000.0,1462272000.0,125337600.0,0.0,20889600.0,365568000.0,20889600.0,0.0,47802385,22829123,52256,5896,0,24166620,370041397.0,0.0,285103289.0,84938108.0,64,0.0,64,326400,652800,20889600,1958400,22848000,13708800,0,2284800,0.0,1336934400.0,360.0,396898536.0,0.0,0.0,24648456,0,5737,24182438,1132,35752630.0,0.0,334233600.0,83613742.0,64,3845,0,0,816548687,3897,0,0,811935912,3430,0,0,814515559,3762,0,0,816708088,3688,0,0,816712232,4321,0,0,815842682,2996,0,0,831778310,4110,0,0,845560341,4003,0,0,811999517,3737,0,0,811167822,3662,0,0,811254764,4516,0,0,809425695,4378,0,0,814780023,3855,0,0,814351442,3052,0,0,831038588,3806,0,0,846842230,4193,0,0,805238530,3934,0,0,802758147,3856,0,0,810373048,3919,0,0,810803718,4216,0,0,814008381,3296,0,0,811792710,3637,0,0,833762128,3664,0,0,847739989,3490,0,0,803289911,4092,0,0,804769838,3688,0,0,808480914,3757,0,0,808448096,3704,0,0,815768984,3839,0,0,812666074,2974,0,0,834432926,3968,0,0,844981457,64,35774657.0,0.0,334233600.0,2717314342.0,84938193.0,83615242.0,34489017119.0,26152548548.0,64,2654371,0,0,0,2654601,0,0,0,2654234,0,0,0,2654535,0,0,0,2654431,0,0,0,2654685,0,0,0,2654791,0,0,0,2654571,0,0,0,2654126,0,0,0,2654598,0,0,0,2654382,0,0,0,2654833,0,0,0,2654195,0,0,0,2654458,0,0,0,2654344,0,0,0,2654443,0,0,0,2654374,0,0,0,2654434,0,0,0,2654207,0,0,0,2654470,0,0,0,2654327,0,0,0,2654475,0,0,0,2654309,0,0,0,2654541,0,0,0,2654419,0,0,0,2654427,0,0,0,2654388,0,0,0,2654462,0,0,0,2654346,0,0,0,2654468,0,0,0,2654169,0,0,0,2654382,0,0,0,64,11562108,0,0,11563357,0,0,11562236,0,0,11563191,0,0,11562155,0,0,11563254,0,0,11562187,0,0,11563183,0,0,11562098,0,0,11563186,0,0,11562109,0,0,11563211,0,0,11562149,0,0,11563349,0,0,11562203,0,0,11563237,0,0,11562110,0,0,11563352,0,0,11562215,0,0,11563180,0,0,11562131,0,0,11563209,0,0,11562145,0,0,11563194,0,0,11562144,0,0,11563358,0,0,11562163,0,0,11563224,0,0,11562110,0,0,11563337,0,0,11562220,0,0,11563163,0,0,64,2649396403,298742069,139699200,22848000,102575062,151450207,15993600,0,26213419421.0,10299913215.0,232412919963.0,35772087.0,0.0,2004333450.0,0,375733680,24114448,0.0,0.0,142679.0,0.0,64,5222400,0,0,326400,0,0,0,0,0.0,0.0,0.0,0.0,0.0,0.0,0,1958400,0.0,0.0,0.0,1.0,64,10444800,24186338,0,0,10444800,24186338,0,0,10444800,24186338,0,0,10444800,24186338,0,0,10444800,24186338,0,0,10444800,24186338,0,0,10444800,24186338,0,0,10444800,24186338,0,0,10444800,24186338,0,0,10444800,24186338,0,0,10444800,24186338,0,0,10444800,24186338,0,0,10444800,24186338,0,0,10444800,24186338,0,0,10444800,24186338,0,0,10444800,24186338,0,0,10444800,24186338,0,0,10444800,24186338,0,0,10444800,24186338,0,0,10444800,24186338,0,0,10444800,24186338,0,0,10444800,24186338,0,0,10444800,24186338,0,0,10444800,24186338,0,0,10444800,24186338,0,0,10444800,24186338,0,0,10444800,24186338,0,0,10444800,24186338,0,0,10444800,24186338,0,0,10444800,24186338,0,0,10444800,24186338,0,0,10444800,24186338,0,0,64,193445776,193305865,326400,2898028022,5564727379,0,288,0,24180721,24180721,2899886576.0,2845281010.0,388811.0,702214370.0,2702413767.0,22848000.0,2833755911.0,2775305108.0,193445768,193315711,24180721,0,24180721,1183,773783072.0,773060037.0,6.0,0.0,6350370057488666.0,6350370073942911.0
9,"void kernel_gemm_xdlops_v2r4r2_simplified<GridwiseGemm_bk0mk1_bk0nk1_mn_xdlops_v2r4r2, false, (InMemoryDataOperationEnum)1, BlockToCTileMap_3DGrid_KSplit, PassThrough, PassThrough, PassThrough>(GridwiseGemm_bk0mk1_bk0nk1_mn_xdlops_v2r4r2<256, _Float16, _Float16, float, _Float16, RowMajor, ColumnMajor, RowMajor, PassThrough, PassThrough, PassThrough, (GemmSpecialization)3, 1, 256, 128, 4, 32, 32, 8, 4, 2, Sequence, Sequence, Sequence, 3, 8, 8, false, true, Sequence, Sequence, Sequence, 3, 8, 8, false, true, 1, 1, 8, Sequence, (LoopScheduler)0, (PipelineVersion)0, _Float16, _Float16, _Float16, Argument, BlockToCTileMap_3DGrid_KSplit PassThrough, PassThrough, PassThrough) (kd)",2,20889600,256,25088,0,96,96,32,64,5875200,0,20889600,1958400,2284800,13708800,9692774400,50918400,0.0,0.0,334233600.0,0.0,0.0,0.0,0,0,0.0,84926705.0,0.0,1702.0,64,0,1076694210,2610823,2610823,0,1073065766,2610944,2610944,0,1071197115,2610838,2610838,0,1074502036,2610565,2610565,0,1075571652,2610747,2610747,0,1073777587,2610698,2610698,0,1089107593,2610843,2610843,0,1102724465,2610417,2610417,0,1071042761,2610599,2610599,0,1071006058,2610901,2610901,0,1068074905,2610706,2610706,0,1063760019,2610536,2610536,0,1076029100,2610809,2610809,0,1075212832,2610691,2610691,0,1090113669,2610618,2610618,0,1100446094,2610984,2610984,0,1063959903,2610592,2610592,0,1063466162,2611342,2611342,0,1064378187,2610360,2610360,0,1063142979,2610857,2610857,0,1077607157,2610795,2610795,0,1073842080,2610457,2610457,0,1090927863,2610987,2610987,0,1099190028,2610506,2610506,0,1065041799,2610936,2610936,0,1063919460,2610286,2610286,0,1068904808,2610831,2610831,0,1067491369,2610524,2610524,0,1075355919,2610780,2610780,0,1071082990,2610840,2610840,0,1085690804,2610442,2610442,0,1104211710,2610545,2610545,64,0,0,96,0,50918400,50918400,0,0,24147288,31331880.0,0.0,0.0,22848000.0,1958400.0,0.0,0.0,22848000.0,81600,326400,432,24158329,9919,0,96.0,926.0,0.0,369971222.0,64,20889600,0,0,177561600,0,0,4569600,0.0,0.0,0.0,0.0,326400,0,83543074.0,0.0,84791905.0,0.0,64,8908550,2653940,1117690,11562490,8906987,2653962,1116149,11560949,8908676,2653842,1117718,11562518,8906922,2653904,1116026,11560826,8908533,2654258,1117991,11562791,8906872,2654011,1116083,11560883,8908457,2654081,1117738,11562538,8907011,2653831,1116042,11560842,8908772,2653786,1117758,11562558,8906851,2653949,1116000,11560800,8908575,2654031,1117806,11562606,8906904,2653893,1115997,11560797,8908596,2653889,1117685,11562485,8906977,2653934,1116111,11560911,8908709,2653857,1117766,11562566,8907013,2653829,1116042,11560842,8908549,2653932,1117681,11562481,8907033,2653904,1116137,11560937,8908793,2653745,1117738,11562538,8907006,2653868,1116074,11560874,8908482,2654014,1117696,11562496,8906968,2653875,1116043,11560843,8908562,2653893,1117655,11562455,8906927,2653894,1116021,11560821,8908489,2653984,1117673,11562473,8907140,2653821,1116161,11560961,8908573,2653943,1117716,11562516,8906974,2653835,1116009,11560809,8908605,2653906,1117711,11562511,8907057,2653862,1116119,11560919,8908758,2653830,1117788,11562588,8907046,2654044,1116290,11561090,64,0,52876800,0,0,0,326400,258508800,2631290386,1942891.0,394664353.0,0.0,396898536.0,349662198.0,22848000.0,0,1485313557,0,68290,83554368.0,83554368.0,0.0,344726.0,64,182743,0,0,2284800,2282392,96,2312,1305600,1462272000.0,1462272000.0,125337600.0,0.0,20889600.0,365568000.0,20889600.0,0.0,47803364,23168095,15085,3329,0,24162192,370037004.0,0.0,285112891.0,84924113.0,64,0.0,64,326400,652800,20889600,1958400,22848000,13708800,0,2284800,0.0,1336934400.0,120.0,396898536.0,0.0,0.0,25479943,0,3576,24147125,0,35796705.0,0.0,334233600.0,83542728.0,64,22,0,0,811633381,32,0,0,810265483,89,0,0,812946818,91,0,0,815162457,0,0,0,812042172,7,0,0,810938968,0,0,0,833943716,257,0,0,846921862,59,0,0,814162566,0,0,0,811587525,0,0,0,807151673,332,0,0,806329557,53,0,0,813326353,23,0,0,810819382,93,0,0,829273200,84,0,0,843615471,167,0,0,803996478,430,0,0,801829367,155,0,0,807511107,0,0,0,806459734,12,0,0,812807945,35,0,0,811524474,41,0,0,826028569,86,0,0,843333964,6,0,0,802949037,24,0,0,799633783,118,0,0,808462983,0,0,0,808195395,49,0,0,813040033,35,0,0,810264172,0,0,0,831420014,174,0,0,844084195,64,35769154.0,0.0,334233600.0,2715627918.0,84925621.0,83542381.0,34477774819.0,26139748302.0,64,2653844,0,0,0,2654174,0,0,0,2653794,0,0,0,2654066,0,0,0,2653910,0,0,0,2654222,0,0,0,2653946,0,0,0,2654128,0,0,0,2653722,0,0,0,2653974,0,0,0,2653795,0,0,0,2654301,0,0,0,2653814,0,0,0,2654040,0,0,0,2653780,0,0,0,2653904,0,0,0,2653835,0,0,0,2653951,0,0,0,2653685,0,0,0,2653934,0,0,0,2653866,0,0,0,2653936,0,0,0,2653757,0,0,0,2653976,0,0,0,2653903,0,0,0,2653896,0,0,0,2653820,0,0,0,2653968,0,0,0,2653823,0,0,0,2653933,0,0,0,2653716,0,0,0,2653945,0,0,0,64,11561687,0,0,11561946,0,0,11561774,0,0,11561787,0,0,11561707,0,0,11561870,0,0,11561776,0,0,11561830,0,0,11561698,0,0,11561816,0,0,11561680,0,0,11561805,0,0,11561685,0,0,11561967,0,0,11561748,0,0,11561859,0,0,11561684,0,0,11561942,0,0,11561797,0,0,11561805,0,0,11561671,0,0,11561793,0,0,11561672,0,0,11561850,0,0,11561703,0,0,11561956,0,0,11561723,0,0,11561835,0,0,11561705,0,0,11561900,0,0,11561781,0,0,11561816,0,0,64,2647235657,298742801,139699200,22848000,102575814,151450187,15993600,0,26205811996.0,10269787712.0,232324038034.0,35744909.0,0.0,2002991516.0,0,379201425,24077172,0.0,0.0,117310.0,0.0,64,5222400,0,0,326400,0,0,0,0,0.0,0.0,0.0,0.0,0.0,0.0,0,1958400,0.0,0.0,0.0,51448.0,64,10444800,24172975,0,0,10444800,24172975,0,0,10444800,24172975,0,0,10444800,24172975,0,0,10444800,24172975,0,0,10444800,24172975,0,0,10444800,24172975,0,0,10444800,24172975,0,0,10444800,24172975,0,0,10444800,24172975,0,0,10444800,24172975,0,0,10444800,24172975,0,0,10444800,24172975,0,0,10444800,24172975,0,0,10444800,24172975,0,0,10444800,24172975,0,0,10444800,24172975,0,0,10444800,24172975,0,0,10444800,24172975,0,0,10444800,24172975,0,0,10444800,24172975,0,0,10444800,24172975,0,0,10444800,24172975,0,0,10444800,24172975,0,0,10444800,24172975,0,0,10444800,24172975,0,0,10444800,24172975,0,0,10444800,24172975,0,0,10444800,24172975,0,0,10444800,24172975,0,0,10444800,24172975,0,0,10444800,24172975,0,0,64,198775275,193544557,326400,2900094818,5573883260,5853,192,0,28567349,24392487,2903774043.0,2846739920.0,389419.0,705752978.0,2703802953.0,22848000.0,2835235253.0,2776815163.0,198775266,193562245,24351826,495082,24392492,5090,795101067.0,774044337.0,396.0,0.0,6350370074000671.0,6350370090454757.0
10,"void kernel_gemm_xdlops_v2r4r2_simplified<GridwiseGemm_bk0mk1_bk0nk1_mn_xdlops_v2r4r2, false, (InMemoryDataOperationEnum)1, BlockToCTileMap_3DGrid_KSplit, PassThrough, PassThrough, PassThrough>(GridwiseGemm_bk0mk1_bk0nk1_mn_xdlops_v2r4r2<256, _Float16, _Float16, float, _Float16, RowMajor, ColumnMajor, RowMajor, PassThrough, PassThrough, PassThrough, (GemmSpecialization)3, 1, 256, 128, 4, 32, 32, 8, 4, 2, Sequence, Sequence, Sequence, 3, 8, 8, false, true, Sequence, Sequence, Sequence, 3, 8, 8, false, true, 1, 1, 8, Sequence, (LoopScheduler)0, (PipelineVersion)0, _Float16, _Float16, _Float16, Argument, BlockToCTileMap_3DGrid_KSplit PassThrough, PassThrough, PassThrough) (kd)",2,20889600,256,25088,0,96,96,32,64,5875200,0,20889600,1958400,2284800,13708800,9692774400,50918400,0.0,0.0,334233600.0,0.0,0.0,0.0,0,0,0.0,84938355.0,0.0,2198.0,64,0,1073786270,2612969,2612969,0,1071918397,2613212,2613212,0,1070481258,2613230,2613230,0,1069691081,2612943,2612943,0,1075638574,2612826,2612826,0,1076354495,2612821,2612821,0,1093029006,2613086,2613086,0,1101803507,2612680,2612680,0,1072688386,2612698,2612698,0,1071266673,2613006,2613006,0,1070023985,2612902,2612902,0,1065257367,2612867,2612867,0,1075447156,2612906,2612906,0,1072966025,2612904,2612904,0,1088115876,2612901,2612901,0,1103426352,2613314,2613314,0,1065568884,2612870,2612870,0,1063822266,2613560,2613560,0,1063689215,2612694,2612694,0,1065956821,2613275,2613275,0,1074637613,2613107,2613107,0,1074536245,2612564,2612564,0,1089334698,2613231,2613231,0,1101300247,2612847,2612847,0,1063881662,2613089,2613089,0,1063349006,2612472,2612472,0,1066255090,2613166,2613166,0,1064307266,2612793,2612793,0,1073701615,2612999,2612999,0,1075570777,2612976,2612976,0,1089567765,2612709,2612709,0,1104128851,2612716,2612716,64,0,0,288,0,50918400,50918426,0,0,24192226,31331880.0,0.0,0.0,22848000.0,1958400.0,0.0,0.0,22848000.0,81600,326400,429,24204058,14786,0,288.0,912.0,0.0,369933758.0,64,20889600,0,0,177561600,0,0,4569600,0.0,0.0,0.0,0.0,326400,0,83491271.0,120935.0,84675163.0,0.0,64,8909322,2654244,1118766,11563566,8909329,2654470,1118999,11563799,8909416,2654249,1118865,11563665,8909385,2654289,1118874,11563674,8909241,2654688,1119129,11563929,8909200,2654505,1118905,11563705,8909247,2654707,1119154,11563954,8909484,2654160,1118844,11563644,8909798,2654077,1119075,11563875,8909319,2654346,1118865,11563665,8909308,2654351,1118859,11563659,8909402,2654274,1118876,11563676,8909344,2654238,1118782,11563582,8909477,2654294,1118971,11563771,8909326,2654324,1118850,11563650,8909479,2654203,1118882,11563682,8909295,2654318,1118813,11563613,8909513,2654284,1118997,11563797,8909413,2654197,1118810,11563610,8909458,2654208,1118866,11563666,8909276,2654372,1118848,11563648,8909414,2654236,1118850,11563650,8909278,2654305,1118783,11563583,8909360,2654305,1118865,11563665,8909192,2654400,1118792,11563592,8909500,2654252,1118952,11563752,8909305,2654317,1118822,11563622,8909451,2654195,1118846,11563646,8909268,2654301,1118769,11563569,8909542,2654268,1119010,11563810,8909491,2654203,1118894,11563694,8909522,2654261,1118983,11563783,64,0,52876800,0,0,0,326400,258508800,2625780286,1935144.0,394671709.0,0.0,396898536.0,349341129.0,22848000.0,0,1463447419,0,71370,83615139.0,83615139.0,0.0,125298.0,64,150319,0,0,2284800,2280634,288,3878,1305600,1462272000.0,1462272000.0,125337600.0,0.0,20889600.0,365568000.0,20889600.0,0.0,47857296,23256042,51821,4450,0,24194927,369969311.0,0.0,285029334.0,84939977.0,64,0.0,64,326400,652800,20889600,1958400,22848000,13708800,0,2284800,0.0,1336934400.0,360.0,396898536.0,0.0,0.0,24839754,0,4863,24170298,1159,35741597.0,0.0,334233600.0,83613929.0,64,3949,0,0,815185605,4294,0,0,813923700,4186,0,0,813686398,3735,0,0,816588487,4249,0,0,813752887,4273,0,0,813848759,3942,0,0,833642895,3462,0,0,843897108,4545,0,0,813277706,4536,0,0,813174204,4022,0,0,810239727,3736,0,0,809585976,4266,0,0,812862315,4230,0,0,810387791,3760,0,0,830304765,3724,0,0,844748739,3519,0,0,803008485,4529,0,0,802910433,3800,0,0,806246886,3767,0,0,808116863,3653,0,0,813478043,4623,0,0,815510815,4683,0,0,831245652,3798,0,0,846382192,3623,0,0,803604163,4658,0,0,804365330,4160,0,0,806773174,3777,0,0,804816509,3956,0,0,814911386,4836,0,0,811686950,5203,0,0,832305072,3662,0,0,846203586,64,35736920.0,0.0,334233600.0,2715478689.0,84938386.0,83614867.0,34453329139.0,26169912921.0,64,2654370,0,0,0,2654341,0,0,0,2654241,0,0,0,2654233,0,0,0,2654282,0,0,0,2654387,0,0,0,2654685,0,0,0,2654228,0,0,0,2654145,0,0,0,2654302,0,0,0,2654329,0,0,0,2654552,0,0,0,2654250,0,0,0,2654324,0,0,0,2654302,0,0,0,2654195,0,0,0,2654351,0,0,0,2654281,0,0,0,2654163,0,0,0,2654218,0,0,0,2654363,0,0,0,2654169,0,0,0,2654321,0,0,0,2654304,0,0,0,2654335,0,0,0,2654106,0,0,0,2654269,0,0,0,2654189,0,0,0,2654355,0,0,0,2654237,0,0,0,2654165,0,0,0,2654137,0,0,0,64,11559809,0,0,11561929,0,0,11559885,0,0,11561816,0,0,11559826,0,0,11561865,0,0,11559884,0,0,11561821,0,0,11559821,0,0,11561823,0,0,11559805,0,0,11561831,0,0,11559816,0,0,11561942,0,0,11559909,0,0,11561804,0,0,11559802,0,0,11561937,0,0,11559897,0,0,11561799,0,0,11559779,0,0,11561812,0,0,11559810,0,0,11561832,0,0,11559842,0,0,11561933,0,0,11559851,0,0,11561804,0,0,11559822,0,0,11561943,0,0,11559891,0,0,11561836,0,0,64,2647024815,298741890,139699200,22848000,102574881,151450209,15993600,0,26219961913.0,10254842851.0,232419217949.0,35743611.0,0.0,2005110084.0,0,373555980,24127876,0.0,0.0,132632.0,0.0,64,5222400,0,0,326400,0,0,0,0,0.0,0.0,0.0,0.0,0.0,0.0,0,1958400,0.0,0.0,0.0,1.0,64,10444800,24178251,0,0,10444800,24178251,0,0,10444800,24178251,0,0,10444800,24178251,0,0,10444800,24178251,0,0,10444800,24178251,0,0,10444800,24178251,0,0,10444800,24178251,0,0,10444800,24178251,0,0,10444800,24178251,0,0,10444800,24178251,0,0,10444800,24178251,0,0,10444800,24178251,0,0,10444800,24178251,0,0,10444800,24178251,0,0,10444800,24178251,0,0,10444800,24178251,0,0,10444800,24178251,0,0,10444800,24178251,0,0,10444800,24178251,0,0,10444800,24178251,0,0,10444800,24178251,0,0,10444800,24178251,0,0,10444800,24178251,0,0,10444800,24178251,0,0,10444800,24178251,0,0,10444800,24178251,0,0,10444800,24178251,0,0,10444800,24178251,0,0,10444800,24178251,0,0,10444800,24178251,0,0,10444800,24178251,0,0,64,193488776,193298045,326400,2897783833,5570838446,0,288,0,24186096,24186096,2899920296.0,2845497640.0,388190.0,702507895.0,2702862267.0,22848000.0,2834052131.0,2775661883.0,193488768,193311745,24186096,0,24186096,1149,773955072.0,773026179.0,6.0,0.0,6350370090454757.0,6350370106917966.0
11,"void kernel_gemm_xdlops_v2r4r2_simplified<GridwiseGemm_bk0mk1_bk0nk1_mn_xdlops_v2r4r2, false, (InMemoryDataOperationEnum)1, BlockToCTileMap_3DGrid_KSplit, PassThrough, PassThrough, PassThrough>(GridwiseGemm_bk0mk1_bk0nk1_mn_xdlops_v2r4r2<256, _Float16, _Float16, float, _Float16, RowMajor, ColumnMajor, RowMajor, PassThrough, PassThrough, PassThrough, (GemmSpecialization)3, 1, 256, 128, 4, 32, 32, 8, 4, 2, Sequence, Sequence, Sequence, 3, 8, 8, false, true, Sequence, Sequence, Sequence, 3, 8, 8, false, true, 1, 1, 8, Sequence, (LoopScheduler)0, (PipelineVersion)0, _Float16, _Float16, _Float16, Argument, BlockToCTileMap_3DGrid_KSplit PassThrough, PassThrough, PassThrough) (kd)",2,20889600,256,25088,0,96,96,32,64,5875200,0,20889600,1958400,2284800,13708800,9692774400,50918400,0.0,0.0,334233600.0,0.0,0.0,0.0,0,0,0.0,84944714.0,0.0,2078.0,64,0,1073558656,2612951,2612951,0,1071810627,2613188,2613188,0,1073607545,2613138,2613138,0,1069399476,2612848,2612848,0,1075702882,2612893,2612893,0,1074774980,2612950,2612950,0,1093784436,2613127,2613127,0,1100188971,2612675,2612675,0,1068846788,2612816,2612816,0,1068614233,2613030,2613030,0,1068018687,2612964,2612964,0,1063540905,2612775,2612775,0,1074090747,2612949,2612949,0,1074553248,2612848,2612848,0,1091142413,2612997,2612997,0,1100993582,2613278,2613278,0,1063890257,2612761,2612761,0,1062125937,2613428,2613428,0,1066785034,2612713,2612713,0,1064866640,2613097,2613097,0,1073038327,2613107,2613107,0,1074172575,2612690,2612690,0,1090525340,2613185,2613185,0,1100945215,2612644,2612644,0,1064742331,2613233,2613233,0,1062655931,2612472,2612472,0,1069258687,2613098,2613098,0,1065486477,2612777,2612777,0,1076387634,2613069,2613069,0,1076209014,2613049,2613049,0,1088786339,2612633,2612633,0,1101128002,2612727,2612727,64,0,0,288,0,50918400,50918427,0,0,24164703,31331880.0,0.0,0.0,22848000.0,1958400.0,0.0,0.0,22848000.0,81600,326400,509,24178147,14860,0,288.0,916.0,0.0,369979979.0,64,20889600,0,0,177561600,0,0,4569600,0.0,0.0,0.0,0.0,326400,0,83487259.0,125837.0,84681633.0,0.0,64,8908191,2654240,1117631,11562431,8907247,2654392,1116839,11561639,8908296,2654238,1117734,11562534,8907234,2654279,1116713,11561513,8908164,2654743,1118107,11562907,8907060,2654485,1116745,11561545,8908177,2654610,1117987,11562787,8907356,2654135,1116691,11561491,8908353,2654099,1117652,11562452,8907210,2654299,1116709,11561509,8908272,2654208,1117680,11562480,8907276,2654204,1116680,11561480,8908264,2654172,1117636,11562436,8907383,2654258,1116841,11561641,8908316,2654222,1117738,11562538,8907339,2654157,1116696,11561496,8908181,2654262,1117643,11562443,8907385,2654234,1116819,11561619,8908332,2654182,1117714,11562514,8907313,2654204,1116717,11561517,8908481,2654268,1117949,11562749,8907343,2654186,1116729,11561529,8908209,2654238,1117647,11562447,8907242,2654265,1116707,11561507,8908076,2654321,1117597,11562397,8907431,2654199,1116830,11561630,8908203,2654262,1117665,11562465,8907312,2654179,1116691,11561491,8908244,2654215,1117659,11562459,8907391,2654235,1116826,11561626,8908391,2654146,1117737,11562537,8907281,2654358,1116839,11561639,64,0,52876800,0,0,0,326400,258508800,2626322489,1941774.0,394664767.0,0.0,396898536.0,348982005.0,22848000.0,0,1457072216,0,65304,83614073.0,83614073.0,0.0,116449.0,64,150629,0,0,2284800,2280817,288,3695,1305600,1462272000.0,1462272000.0,125337600.0,0.0,20889600.0,365568000.0,20889600.0,0.0,47810057,22905780,51997,5769,0,24179200,369974341.0,0.0,285029473.0,84944868.0,64,0.0,64,326400,652800,20889600,1958400,22848000,13708800,0,2284800,0.0,1336934400.0,360.0,396898536.0,0.0,0.0,25195689,0,5785,24174027,1648,35746328.0,0.0,334233600.0,83613694.0,64,3277,0,0,814171767,3811,0,0,813723369,3362,0,0,812398068,3485,0,0,813016113,3246,0,0,814873713,3523,0,0,814005482,3186,0,0,830328150,3502,0,0,844445394,3406,0,0,815861679,3523,0,0,812672950,2944,0,0,810016189,3478,0,0,805270475,3999,0,0,812646511,3134,0,0,815248878,3637,0,0,831021306,3048,0,0,845247365,3284,0,0,802807494,3518,0,0,804027055,3436,0,0,809003881,3188,0,0,809871761,3597,0,0,817180061,3251,0,0,812224379,3540,0,0,831292916,3688,0,0,843862834,2772,0,0,807838506,3572,0,0,805629264,3140,0,0,804645546,3772,0,0,806251582,3862,0,0,815188637,3772,0,0,815176418,3378,0,0,830462532,3144,0,0,845646442,64,35718787.0,0.0,334233600.0,2717498862.0,84933524.0,83613240.0,34468101827.0,26171046122.0,64,2654246,0,0,0,2654466,0,0,0,2654277,0,0,0,2654340,0,0,0,2654311,0,0,0,2654517,0,0,0,2654664,0,0,0,2654214,0,0,0,2654159,0,0,0,2654334,0,0,0,2654423,0,0,0,2654586,0,0,0,2654247,0,0,0,2654308,0,0,0,2654236,0,0,0,2654178,0,0,0,2654329,0,0,0,2654269,0,0,0,2654159,0,0,0,2654211,0,0,0,2654300,0,0,0,2654252,0,0,0,2654285,0,0,0,2654265,0,0,0,2654397,0,0,0,2654243,0,0,0,2654302,0,0,0,2654239,0,0,0,2654312,0,0,0,2654247,0,0,0,2654154,0,0,0,2654177,0,0,0,64,11561446,0,0,11560022,0,0,11561544,0,0,11559857,0,0,11561450,0,0,11559977,0,0,11561540,0,0,11559926,0,0,11561452,0,0,11559879,0,0,11561443,0,0,11559902,0,0,11561435,0,0,11560014,0,0,11561554,0,0,11559884,0,0,11561463,0,0,11560036,0,0,11561547,0,0,11559884,0,0,11561453,0,0,11559902,0,0,11561481,0,0,11559861,0,0,11561460,0,0,11560025,0,0,11561474,0,0,11559879,0,0,11561458,0,0,11560034,0,0,11561546,0,0,11559894,0,0,64,2648538424,298741712,139699200,22848000,102574683,151450229,15993600,0,26210340980.0,10313729812.0,232386854868.0,35743103.0,0.0,2003847719.0,0,374321940,24109853,0.0,0.0,130169.0,0.0,64,5222400,0,0,326400,0,0,0,0,0.0,0.0,0.0,0.0,0.0,0.0,0,1958400,0.0,0.0,0.0,1.0,64,10444800,24168275,0,0,10444800,24168275,0,0,10444800,24168275,0,0,10444800,24168275,0,0,10444800,24168275,0,0,10444800,24168275,0,0,10444800,24168275,0,0,10444800,24168275,0,0,10444800,24168275,0,0,10444800,24168275,0,0,10444800,24168275,0,0,10444800,24168275,0,0,10444800,24168275,0,0,10444800,24168275,0,0,10444800,24168275,0,0,10444800,24168275,0,0,10444800,24168275,0,0,10444800,24168275,0,0,10444800,24168275,0,0,10444800,24168275,0,0,10444800,24168275,0,0,10444800,24168275,0,0,10444800,24168275,0,0,10444800,24168275,0,0,10444800,24168275,0,0,10444800,24168275,0,0,10444800,24168275,0,0,10444800,24168275,0,0,10444800,24168275,0,0,10444800,24168275,0,0,10444800,24168275,0,0,10444800,24168275,0,0,64,193496328,193332336,326400,2898321943,5568385075,0,288,0,24187040,24187040,2900283656.0,2845791612.0,388943.0,703623017.0,2702936927.0,22848000.0,2834312374.0,2775909782.0,193496320,193342181,24187040,0,24187040,1163,773985280.0,773166460.0,6.0,0.0,6350370106917845.0,6350370123370814.0
12,"void kernel_gemm_xdlops_v2r4r2_simplified<GridwiseGemm_bk0mk1_bk0nk1_mn_xdlops_v2r4r2, false, (InMemoryDataOperationEnum)1, BlockToCTileMap_3DGrid_KSplit, PassThrough, PassThrough, PassThrough>(GridwiseGemm_bk0mk1_bk0nk1_mn_xdlops_v2r4r2<256, _Float16, _Float16, float, _Float16, RowMajor, ColumnMajor, RowMajor, PassThrough, PassThrough, PassThrough, (GemmSpecialization)3, 1, 256, 128, 4, 32, 32, 8, 4, 2, Sequence, Sequence, Sequence, 3, 8, 8, false, true, Sequence, Sequence, Sequence, 3, 8, 8, false, true, 1, 1, 8, Sequence, (LoopScheduler)0, (PipelineVersion)0, _Float16, _Float16, _Float16, Argument, BlockToCTileMap_3DGrid_KSplit PassThrough, PassThrough, PassThrough) (kd)",2,20889600,256,25088,0,96,96,32,64,5875200,0,20889600,1958400,2284800,13708800,9692774400,50918400,0.0,0.0,334233600.0,0.0,0.0,0.0,0,0,0.0,84940530.0,0.0,2234.0,64,0,1074139161,2612934,2612934,0,1072807043,2613137,2613137,0,1075638782,2613205,2613205,0,1071808019,2612857,2612857,0,1076147083,2612845,2612845,0,1072592102,2612944,2612944,0,1092508659,2613179,2613179,0,1101219293,2612741,2612741,0,1071760436,2612775,2612775,0,1070491588,2613105,2613105,0,1070594192,2613017,2613017,0,1066195833,2612814,2612814,0,1073754234,2612939,2612939,0,1073938224,2612952,2612952,0,1089303848,2612996,2612996,0,1099853447,2613362,2613362,0,1063831277,2612851,2612851,0,1060771927,2613516,2613516,0,1065720952,2612790,2612790,0,1064615101,2613106,2613106,0,1073986284,2613011,2613011,0,1073268460,2612651,2612651,0,1089356854,2613343,2613343,0,1100597309,2612779,2612779,0,1064345773,2613197,2613197,0,1062697988,2612576,2612576,0,1067579739,2613081,2613081,0,1065780359,2612781,2612781,0,1075339510,2613071,2613071,0,1073386077,2613107,2613107,0,1090951359,2612720,2612720,0,1101794794,2612733,2612733,64,0,0,288,0,50918400,50918416,0,0,24181204,31331880.0,0.0,0.0,22848000.0,1958400.0,0.0,0.0,22848000.0,81600,326400,429,24193852,14937,0,288.0,970.0,0.0,369967001.0,64,20889600,0,0,177561600,0,0,4569600,0.0,0.0,0.0,0.0,326400,0,83495169.0,122066.0,84680263.0,0.0,64,8909030,2654236,1118466,11563266,8908451,2654301,1117952,11562752,8909125,2654207,1118532,11563332,8908360,2654256,1117816,11562616,8908939,2654697,1118836,11563636,8908340,2654368,1117908,11562708,8908929,2654666,1118795,11563595,8908402,2654192,1117794,11562594,8909109,2654102,1118411,11563211,8908377,2654285,1117862,11562662,8908974,2654321,1118495,11563295,8908437,2654216,1117853,11562653,8909098,2654162,1118460,11563260,8908455,2654262,1117917,11562717,8909064,2654245,1118509,11563309,8908426,2654205,1117831,11562631,8908994,2654245,1118439,11563239,8908506,2654236,1117942,11562742,8909148,2654136,1118484,11563284,8908361,2654303,1117864,11562664,8909241,2654317,1118758,11563558,8908454,2654188,1117842,11562642,8908941,2654282,1118423,11563223,8908422,2654233,1117855,11562655,8908921,2654325,1118446,11563246,8908560,2654177,1117937,11562737,8908943,2654321,1118464,11563264,8908401,2654236,1117837,11562637,8908955,2654259,1118414,11563214,8908613,2654160,1117973,11562773,8909226,2654109,1118535,11563335,8908470,2654424,1118094,11562894,64,0,52876800,0,0,0,326400,258508800,2623725767,1935977.0,394671177.0,0.0,396898536.0,348987441.0,22848000.0,0,1466624201,0,63398,83613015.0,83613015.0,0.0,120954.0,64,149300,0,0,2284800,2280838,288,3674,1305600,1462272000.0,1462272000.0,125337600.0,0.0,20889600.0,365568000.0,20889600.0,0.0,47819418,22947525,51076,5394,0,24167203,370017084.0,0.0,285075625.0,84941459.0,64,0.0,64,326400,652800,20889600,1958400,22848000,13708800,0,2284800,0.0,1336934400.0,360.0,396898536.0,0.0,0.0,25405547,0,5760,24168777,1163,35775720.0,0.0,334233600.0,83615015.0,64,3049,0,0,814701142,2740,0,0,814303974,3478,0,0,811994778,3973,0,0,813536007,2862,0,0,813619350,3051,0,0,812195678,3670,0,0,834702373,3461,0,0,843533872,3256,0,0,810907498,2990,0,0,811600814,3814,0,0,812241726,3086,0,0,807725781,3748,0,0,811212566,2907,0,0,812425616,3195,0,0,829836063,3252,0,0,841764931,3386,0,0,801116730,2749,0,0,804301565,3793,0,0,803592148,3294,0,0,806578634,3040,0,0,813028774,2913,0,0,813088403,3471,0,0,832337739,3290,0,0,842939267,3380,0,0,803256585,3261,0,0,804599218,2975,0,0,808905084,3657,0,0,806818972,3252,0,0,814343625,3131,0,0,815658020,3470,0,0,828054008,3389,0,0,842013146,64,35766101.0,0.0,334233600.0,2718192346.0,84937879.0,83611282.0,34466993509.0,26149775293.0,64,2654313,0,0,0,2654409,0,0,0,2654199,0,0,0,2654342,0,0,0,2654356,0,0,0,2654469,0,0,0,2654687,0,0,0,2654254,0,0,0,2654225,0,0,0,2654361,0,0,0,2654304,0,0,0,2654612,0,0,0,2654221,0,0,0,2654315,0,0,0,2654234,0,0,0,2654185,0,0,0,2654305,0,0,0,2654282,0,0,0,2654127,0,0,0,2654226,0,0,0,2654370,0,0,0,2654265,0,0,0,2654270,0,0,0,2654281,0,0,0,2654367,0,0,0,2654174,0,0,0,2654267,0,0,0,2654225,0,0,0,2654316,0,0,0,2654268,0,0,0,2654103,0,0,0,2654177,0,0,0,64,11559688,0,0,11563312,0,0,11559762,0,0,11563199,0,0,11559678,0,0,11563270,0,0,11559811,0,0,11563195,0,0,11559676,0,0,11563202,0,0,11559691,0,0,11563200,0,0,11559699,0,0,11563327,0,0,11559784,0,0,11563183,0,0,11559676,0,0,11563317,0,0,11559770,0,0,11563205,0,0,11559696,0,0,11563181,0,0,11559658,0,0,11563188,0,0,11559700,0,0,11563310,0,0,11559735,0,0,11563173,0,0,11559696,0,0,11563331,0,0,11559728,0,0,11563204,0,0,64,2641449275,298741398,139699200,22848000,102574398,151450200,15993600,0,26210170539.0,10295780280.0,232350389327.0,35704330.0,0.0,2002903686.0,0,366500415,24122393,0.0,0.0,125011.0,0.0,64,5222400,0,0,326400,0,0,0,0,0.0,0.0,0.0,0.0,0.0,0.0,0,1958400,0.0,0.0,0.0,3.0,64,10444800,24174581,0,0,10444800,24174581,0,0,10444800,24174581,0,0,10444800,24174581,0,0,10444800,24174581,0,0,10444800,24174581,0,0,10444800,24174581,0,0,10444800,24174581,0,0,10444800,24174581,0,0,10444800,24174581,0,0,10444800,24174581,0,0,10444800,24174581,0,0,10444800,24174581,0,0,10444800,24174581,0,0,10444800,24174581,0,0,10444800,24174581,0,0,10444800,24174581,0,0,10444800,24174581,0,0,10444800,24174581,0,0,10444800,24174581,0,0,10444800,24174581,0,0,10444800,24174581,0,0,10444800,24174581,0,0,10444800,24174581,0,0,10444800,24174581,0,0,10444800,24174581,0,0,10444800,24174581,0,0,10444800,24174581,0,0,10444800,24174581,0,0,10444800,24174581,0,0,10444800,24174581,0,0,10444800,24174581,0,0,64,193461936,193310125,326400,2897939135,5569107428,0,288,0,24182741,24182741,2899950398.0,2845452367.0,386548.0,701127141.0,2702583333.0,22848000.0,2833947245.0,2775544928.0,193461928,193319659,24182741,0,24182741,1173,773847712.0,773053753.0,6.0,0.0,6350370123370814.0,6350370139827297.0
13,"void kernel_gemm_xdlops_v2r4r2_simplified<GridwiseGemm_bk0mk1_bk0nk1_mn_xdlops_v2r4r2, false, (InMemoryDataOperationEnum)1, BlockToCTileMap_3DGrid_KSplit, PassThrough, PassThrough, PassThrough>(GridwiseGemm_bk0mk1_bk0nk1_mn_xdlops_v2r4r2<256, _Float16, _Float16, float, _Float16, RowMajor, ColumnMajor, RowMajor, PassThrough, PassThrough, PassThrough, (GemmSpecialization)3, 1, 256, 128, 4, 32, 32, 8, 4, 2, Sequence, Sequence, Sequence, 3, 8, 8, false, true, Sequence, Sequence, Sequence, 3, 8, 8, false, true, 1, 1, 8, Sequence, (LoopScheduler)0, (PipelineVersion)0, _Float16, _Float16, _Float16, Argument, BlockToCTileMap_3DGrid_KSplit PassThrough, PassThrough, PassThrough) (kd)",2,20889600,256,25088,0,96,96,32,64,5875200,0,20889600,1958400,2284800,13708800,9692774400,50918400,0.0,0.0,334233600.0,0.0,0.0,0.0,0,0,0.0,84937871.0,0.0,1954.0,64,0,1074871308,2612796,2612796,0,1070267434,2613166,2613166,0,1072173570,2613197,2613197,0,1070662192,2612667,2612667,0,1077947019,2612882,2612882,0,1076266678,2612814,2612814,0,1092052074,2613083,2613083,0,1104402548,2612657,2612657,0,1072674990,2612802,2612802,0,1068813983,2612890,2612890,0,1068012362,2612952,2612952,0,1064295329,2612779,2612779,0,1074068039,2612952,2612952,0,1073130366,2612808,2612808,0,1087470621,2612821,2612821,0,1101176140,2613211,2613211,0,1064508427,2612731,2612731,0,1062161064,2613537,2613537,0,1067663957,2612618,2612618,0,1063148074,2613144,2613144,0,1075268706,2613215,2613215,0,1073629970,2612522,2612522,0,1088444274,2613373,2613373,0,1102939076,2612663,2612663,0,1063602694,2613122,2613122,0,1062393611,2612374,2612374,0,1065521286,2613128,2613128,0,1065207701,2612656,2612656,0,1073358414,2612957,2612957,0,1072680033,2612947,2612947,0,1087427646,2612645,2612645,0,1099843951,2612565,2612565,64,0,0,288,0,50918400,50918425,0,0,24162648,31331880.0,0.0,0.0,22848000.0,1958400.0,0.0,0.0,22848000.0,81600,326400,509,24175982,15219,0,288.0,902.0,0.0,370005069.0,64,20889600,0,0,177561600,0,0,4569600,0.0,0.0,0.0,0.0,326400,0,83487922.0,125930.0,84681040.0,2.0,64,8906196,2654334,1115730,11560530,8907389,2654625,1117214,11562014,8906386,2654246,1115832,11560632,8907361,2654569,1117130,11561930,8906502,2654887,1116589,11561389,8907248,2654706,1117154,11561954,8906201,2654659,1116060,11560860,8907514,2654406,1117120,11561920,8906385,2654119,1115704,11560504,8907433,2654469,1117102,11561902,8906281,2654349,1115830,11560630,8907463,2654426,1117089,11561889,8906342,2654189,1115731,11560531,8907522,2654532,1117254,11562054,8906392,2654240,1115832,11560632,8907493,2654394,1117087,11561887,8906335,2654207,1115742,11560542,8907654,2654389,1117243,11562043,8906505,2654154,1115859,11560659,8907432,2654452,1117084,11561884,8906313,2654309,1115822,11560622,8907512,2654384,1117096,11561896,8906254,2654326,1115780,11560580,8907433,2654457,1117090,11561890,8906224,2654317,1115741,11560541,8907689,2654371,1117260,11562060,8906253,2654326,1115779,11560579,8907454,2654482,1117136,11561936,8906267,2654323,1115790,11560590,8907605,2654415,1117220,11562020,8906494,2654133,1115827,11560627,8907525,2654535,1117260,11562060,64,0,52876800,0,0,0,326400,258508800,2623528581,1937109.0,394669545.0,0.0,396898536.0,347844404.0,22848000.0,0,1482776747,0,67430,83613055.0,83613055.0,0.0,122786.0,64,142746,0,0,2284800,2280685,288,3827,1305600,1462272000.0,1462272000.0,125337600.0,0.0,20889600.0,365568000.0,20889600.0,0.0,47821836,22968366,52323,5335,0,24175034,370013089.0,0.0,285072197.0,84940892.0,64,0.0,64,326400,652800,20889600,1958400,22848000,13708800,0,2284800,0.0,1336934400.0,360.0,396898536.0,0.0,0.0,25197101,0,5770,24154171,1167,35763906.0,0.0,334233600.0,83612654.0,64,4580,0,0,815185844,3787,0,0,813478185,5267,0,0,815676505,4117,0,0,815963594,4745,0,0,815200055,3813,0,0,816063767,4491,0,0,833884312,3296,0,0,848640035,4675,0,0,811067205,3811,0,0,810273618,4516,0,0,809262695,3873,0,0,809258996,4532,0,0,814712191,3578,0,0,813660584,4897,0,0,830644021,3647,0,0,845109720,4881,0,0,804171228,3726,0,0,804839688,4648,0,0,807335162,4084,0,0,807658433,4441,0,0,813071664,4092,0,0,813025622,4008,0,0,831717448,3699,0,0,847505172,5140,0,0,806640920,3915,0,0,803359809,4927,0,0,810013978,3534,0,0,810969532,4904,0,0,815660866,4066,0,0,812390551,4457,0,0,831995404,3835,0,0,845212578,64,35769287.0,0.0,334233600.0,2718082213.0,84938091.0,83616095.0,34469983407.0,26161022097.0,64,2654280,0,0,0,2654333,0,0,0,2654256,0,0,0,2654235,0,0,0,2654339,0,0,0,2654366,0,0,0,2654715,0,0,0,2654262,0,0,0,2654122,0,0,0,2654252,0,0,0,2654339,0,0,0,2654564,0,0,0,2654262,0,0,0,2654223,0,0,0,2654279,0,0,0,2654113,0,0,0,2654278,0,0,0,2654179,0,0,0,2654137,0,0,0,2654119,0,0,0,2654335,0,0,0,2654149,0,0,0,2654334,0,0,0,2654156,0,0,0,2654408,0,0,0,2654155,0,0,0,2654371,0,0,0,2654165,0,0,0,2654330,0,0,0,2654145,0,0,0,2654131,0,0,0,2654120,0,0,0,64,11561379,0,0,11562534,0,0,11561421,0,0,11562424,0,0,11561367,0,0,11562467,0,0,11561460,0,0,11562378,0,0,11561400,0,0,11562408,0,0,11561376,0,0,11562409,0,0,11561365,0,0,11562517,0,0,11561445,0,0,11562401,0,0,11561391,0,0,11562508,0,0,11561479,0,0,11562387,0,0,11561343,0,0,11562419,0,0,11561363,0,0,11562418,0,0,11561394,0,0,11562528,0,0,11561403,0,0,11562398,0,0,11561353,0,0,11562545,0,0,11561447,0,0,11562430,0,0,64,2645566266,298741811,139699200,22848000,102574809,151450202,15993600,0,26195900399.0,10273446892.0,232274667508.0,35717145.0,0.0,2003128866.0,0,374001285,24108782,0.0,0.0,136522.0,0.0,64,5222400,0,0,326400,0,0,0,0,0.0,0.0,0.0,0.0,0.0,0.0,0,1958400,0.0,0.0,0.0,2.0,64,10444800,24194643,0,0,10444800,24194643,0,0,10444800,24194643,0,0,10444800,24194643,0,0,10444800,24194643,0,0,10444800,24194643,0,0,10444800,24194643,0,0,10444800,24194643,0,0,10444800,24194643,0,0,10444800,24194643,0,0,10444800,24194643,0,0,10444800,24194643,0,0,10444800,24194643,0,0,10444800,24194643,0,0,10444800,24194643,0,0,10444800,24194643,0,0,10444800,24194643,0,0,10444800,24194643,0,0,10444800,24194643,0,0,10444800,24194643,0,0,10444800,24194643,0,0,10444800,24194643,0,0,10444800,24194643,0,0,10444800,24194643,0,0,10444800,24194643,0,0,10444800,24194643,0,0,10444800,24194643,0,0,10444800,24194643,0,0,10444800,24194643,0,0,10444800,24194643,0,0,10444800,24194643,0,0,10444800,24194643,0,0,64,193409752,193255259,326400,2897017862,5567627852,0,288,0,24176218,24176218,2899127306.0,2844653971.0,388320.0,702042474.0,2702401119.0,22848000.0,2833187171.0,2774800440.0,193409744,193264723,24176218,0,24176218,1160,773638976.0,772834490.0,6.0,0.0,6350370139827297.0,6350370156281222.0
14,"void kernel_gemm_xdlops_v2r4r2_simplified<GridwiseGemm_bk0mk1_bk0nk1_mn_xdlops_v2r4r2, false, (InMemoryDataOperationEnum)1, BlockToCTileMap_3DGrid_KSplit, PassThrough, PassThrough, PassThrough>(GridwiseGemm_bk0mk1_bk0nk1_mn_xdlops_v2r4r2<256, _Float16, _Float16, float, _Float16, RowMajor, ColumnMajor, RowMajor, PassThrough, PassThrough, PassThrough, (GemmSpecialization)3, 1, 256, 128, 4, 32, 32, 8, 4, 2, Sequence, Sequence, Sequence, 3, 8, 8, false, true, Sequence, Sequence, Sequence, 3, 8, 8, false, true, 1, 1, 8, Sequence, (LoopScheduler)0, (PipelineVersion)0, _Float16, _Float16, _Float16, Argument, BlockToCTileMap_3DGrid_KSplit PassThrough, PassThrough, PassThrough) (kd)",2,20889600,256,25088,0,96,96,32,64,5875200,0,20889600,1958400,2284800,13708800,9692774400,50918400,0.0,0.0,334233600.0,0.0,0.0,0.0,0,0,0.0,84938937.0,0.0,2648.0,64,0,1071907565,2612909,2612909,0,1070566343,2613182,2613182,0,1074965639,2613131,2613131,0,1076309751,2612988,2612988,0,1076856592,2612950,2612950,0,1072011038,2612945,2612945,0,1092126659,2613214,2613214,0,1103187248,2612649,2612649,0,1072727883,2612765,2612765,0,1069870284,2613131,2613131,0,1069890770,2612871,2612871,0,1066975357,2612939,2612939,0,1075925817,2612977,2612977,0,1072931087,2613068,2613068,0,1088359141,2613014,2613014,0,1102815253,2613395,2613395,0,1065980622,2612902,2612902,0,1060944801,2613331,2613331,0,1064126910,2612793,2612793,0,1068015116,2613186,2613186,0,1073385638,2613016,2613016,0,1072623508,2612666,2612666,0,1089810869,2613369,2613369,0,1104531684,2612778,2612778,0,1063667703,2613100,2613100,0,1059267692,2612520,2612520,0,1067069043,2613049,2613049,0,1067548755,2612827,2612827,0,1074456162,2613085,2613085,0,1074399640,2613164,2613164,0,1092487993,2612725,2612725,0,1101466809,2612751,2612751,64,0,0,288,0,50918400,50918428,0,0,24170460,31331880.0,0.0,0.0,22848000.0,1958400.0,0.0,0.0,22848000.0,81600,326400,429,24183396,14822,0,288.0,984.0,0.0,369949513.0,64,20889600,0,0,177561600,0,0,4569600,0.0,0.0,0.0,0.0,326400,0,83489000.0,125955.0,84679341.0,1.0,64,8907180,2654232,1116612,11561412,8906799,2654408,1116407,11561207,8907425,2654073,1116698,11561498,8906817,2654286,1116303,11561103,8907450,2654796,1117446,11562246,8906765,2654383,1116348,11561148,8907184,2654579,1116963,11561763,8906941,2654115,1116256,11561056,8907289,2654110,1116599,11561399,8906817,2654250,1116267,11561067,8907296,2654183,1116679,11561479,8906844,2654234,1116278,11561078,8907204,2654182,1116586,11561386,8907034,2654174,1116408,11561208,8907331,2654165,1116696,11561496,8906905,2654197,1116302,11561102,8907152,2654237,1116589,11561389,8907058,2654173,1116431,11561231,8907400,2654068,1116668,11561468,8906816,2654286,1116302,11561102,8907175,2654250,1116625,11561425,8906875,2654219,1116294,11561094,8907195,2654202,1116597,11561397,8906804,2654259,1116263,11561063,8907132,2654246,1116578,11561378,8907074,2654132,1116406,11561206,8907252,2654189,1116641,11561441,8906923,2654159,1116282,11561082,8907176,2654225,1116601,11561401,8907038,2654186,1116424,11561224,8907508,2654011,1116719,11561519,8906846,2654449,1116495,11561295,64,0,52876800,0,0,0,326400,258508800,2623609461,1940924.0,394665528.0,0.0,396898536.0,348311581.0,22848000.0,0,1466301255,0,66243,83616471.0,83616471.0,0.0,142770.0,64,155397,0,0,2284800,2280594,288,3918,1305600,1462272000.0,1462272000.0,125337600.0,0.0,20889600.0,365568000.0,20889600.0,0.0,47823434,23253931,51276,5399,0,24171687,370008349.0,0.0,285067869.0,84940480.0,64,0.0,64,326400,652800,20889600,1958400,22848000,13708800,0,2284800,0.0,1336934400.0,360.0,396898536.0,0.0,0.0,24941330,0,5773,24196072,1148,35736628.0,0.0,334233600.0,83616971.0,64,3176,0,0,815847313,3133,0,0,812519577,3917,0,0,815027860,2755,0,0,813543066,4490,0,0,813689313,2915,0,0,815130872,3073,0,0,833467589,3003,0,0,843654438,3228,0,0,813910133,3001,0,0,810788688,3134,0,0,810234497,2870,0,0,807272568,3894,0,0,813488003,2944,0,0,812639962,3463,0,0,828971546,3043,0,0,846353814,3549,0,0,803737215,3169,0,0,803155202,3433,0,0,804863180,2781,0,0,806362545,3344,0,0,816538187,3034,0,0,813722442,3506,0,0,834354716,2694,0,0,846781297,3888,0,0,803305793,3166,0,0,802328403,3624,0,0,808873829,2477,0,0,807620214,3686,0,0,816083995,3383,0,0,812114213,3310,0,0,833372332,2795,0,0,844663103,64,35741852.0,0.0,334233600.0,2715101876.0,84935213.0,83614568.0,34460992025.0,26174577891.0,64,2654442,0,0,0,2654381,0,0,0,2654333,0,0,0,2654382,0,0,0,2654519,0,0,0,2654481,0,0,0,2654779,0,0,0,2654301,0,0,0,2654282,0,0,0,2654361,0,0,0,2654432,0,0,0,2654600,0,0,0,2654341,0,0,0,2654328,0,0,0,2654340,0,0,0,2654280,0,0,0,2654401,0,0,0,2654314,0,0,0,2654215,0,0,0,2654238,0,0,0,2654486,0,0,0,2654259,0,0,0,2654378,0,0,0,2654427,0,0,0,2654547,0,0,0,2654230,0,0,0,2654411,0,0,0,2654268,0,0,0,2654409,0,0,0,2654260,0,0,0,2654231,0,0,0,2654217,0,0,0,64,11562876,0,0,11561837,0,0,11562951,0,0,11561663,0,0,11562876,0,0,11561736,0,0,11562988,0,0,11561609,0,0,11562839,0,0,11561672,0,0,11562846,0,0,11561679,0,0,11562894,0,0,11561808,0,0,11562976,0,0,11561676,0,0,11562833,0,0,11561790,0,0,11562967,0,0,11561664,0,0,11562827,0,0,11561744,0,0,11562909,0,0,11561636,0,0,11562908,0,0,11561778,0,0,11562933,0,0,11561675,0,0,11562867,0,0,11561817,0,0,11562964,0,0,11561679,0,0,64,2650191064,298741562,139699200,22848000,102574554,151450208,15993600,0,26200315080.0,10292913497.0,232353904661.0,35778100.0,0.0,2003676573.0,0,379705680,24103950,0.0,0.0,120069.0,0.0,64,5222400,0,0,326400,0,0,0,0,0.0,0.0,0.0,0.0,0.0,0.0,0,1958400,0.0,0.0,0.0,91.0,64,10444800,24162795,0,0,10444800,24162795,0,0,10444800,24162795,0,0,10444800,24162795,0,0,10444800,24162795,0,0,10444800,24162795,0,0,10444800,24162795,0,0,10444800,24162795,0,0,10444800,24162795,0,0,10444800,24162795,0,0,10444800,24162795,0,0,10444800,24162795,0,0,10444800,24162795,0,0,10444800,24162795,0,0,10444800,24162795,0,0,10444800,24162795,0,0,10444800,24162795,0,0,10444800,24162795,0,0,10444800,24162795,0,0,10444800,24162795,0,0,10444800,24162795,0,0,10444800,24162795,0,0,10444800,24162795,0,0,10444800,24162795,0,0,10444800,24162795,0,0,10444800,24162795,0,0,10444800,24162795,0,0,10444800,24162795,0,0,10444800,24162795,0,0,10444800,24162795,0,0,10444800,24162795,0,0,10444800,24162795,0,0,64,193537592,193386474,326400,2899036791,5571446544,0,288,0,24192198,24192198,2901090420.0,2846722319.0,386634.0,705262991.0,2703772333.0,22848000.0,2835230512.0,2776835636.0,193537584,193394638,24192198,0,24192198,1176,774150336.0,773400592.0,6.0,0.0,6350370156281222.0,6350370172743311.0
15,"void kernel_gemm_xdlops_v2r4r2_simplified<GridwiseGemm_bk0mk1_bk0nk1_mn_xdlops_v2r4r2, false, (InMemoryDataOperationEnum)1, BlockToCTileMap_3DGrid_KSplit, PassThrough, PassThrough, PassThrough>(GridwiseGemm_bk0mk1_bk0nk1_mn_xdlops_v2r4r2<256, _Float16, _Float16, float, _Float16, RowMajor, ColumnMajor, RowMajor, PassThrough, PassThrough, PassThrough, (GemmSpecialization)3, 1, 256, 128, 4, 32, 32, 8, 4, 2, Sequence, Sequence, Sequence, 3, 8, 8, false, true, Sequence, Sequence, Sequence, 3, 8, 8, false, true, 1, 1, 8, Sequence, (LoopScheduler)0, (PipelineVersion)0, _Float16, _Float16, _Float16, Argument, BlockToCTileMap_3DGrid_KSplit PassThrough, PassThrough, PassThrough) (kd)",2,20889600,256,25088,0,96,96,32,64,5875200,0,20889600,1958400,2284800,13708800,9692774400,50918400,0.0,0.0,334233600.0,0.0,0.0,0.0,0,0,0.0,84935415.0,0.0,1818.0,64,0,1073441677,2613115,2613115,0,1074448115,2613213,2613213,0,1071997300,2613345,2613345,0,1072845626,2612953,2612953,0,1077624470,2612912,2612912,0,1075022269,2612940,2612940,0,1092604688,2613189,2613189,0,1100394907,2612794,2612794,0,1074966156,2612804,2612804,0,1068128985,2613119,2613119,0,1068868928,2612923,2612923,0,1067060093,2612869,2612869,0,1075499562,2613010,2613010,0,1076912919,2612946,2612946,0,1088095072,2613010,2613010,0,1099660324,2613401,2613401,0,1064498660,2612810,2612810,0,1062001910,2613493,2613493,0,1062935706,2612696,2612696,0,1064588247,2613275,2613275,0,1074278839,2613127,2613127,0,1074109941,2612657,2612657,0,1089642571,2613303,2613303,0,1104048117,2612831,2612831,0,1066596379,2613308,2613308,0,1062493413,2612470,2612470,0,1066507840,2613114,2613114,0,1064732269,2612725,2612725,0,1073585379,2613178,2613178,0,1072532410,2613055,2613055,0,1088356884,2612777,2612777,0,1104519536,2612767,2612767,64,0,0,288,0,50918400,50918421,0,0,24153940,31331880.0,0.0,0.0,22848000.0,1958400.0,0.0,0.0,22848000.0,81600,326400,509,24167545,14810,0,288.0,1000.0,0.0,369993284.0,64,20889600,0,0,177561600,0,0,4569600,0.0,0.0,0.0,0.0,326400,0,83490808.0,121135.0,84675798.0,0.0,64,8908071,2654252,1117523,11562323,8908782,2654238,1118220,11563020,8908206,2654187,1117593,11562393,8908660,2654261,1118121,11562921,8907963,2654815,1117978,11562778,8908627,2654380,1118207,11563007,8908021,2654635,1117856,11562656,8908871,2654055,1118126,11562926,8908169,2654138,1117507,11562307,8908704,2654179,1118083,11562883,8908149,2654279,1117628,11562428,8908756,2654144,1118100,11562900,8907962,2654325,1117487,11562287,8908914,2654141,1118255,11563055,8908194,2654219,1117613,11562413,8908693,2654197,1118090,11562890,8907996,2654304,1117500,11562300,8908964,2654113,1118277,11563077,8908277,2654112,1117589,11562389,8908768,2654166,1118134,11562934,8908017,2654339,1117556,11562356,8908864,2654074,1118138,11562938,8908083,2654237,1117520,11562320,8908648,2654225,1118073,11562873,8908203,2654347,1117750,11562550,8908940,2654123,1118263,11563063,8908103,2654241,1117544,11562344,8908842,2654099,1118141,11562941,8908044,2654276,1117520,11562320,8908915,2654137,1118252,11563052,8908286,2654091,1117577,11562377,8908796,2654273,1118269,11563069,64,0,52876800,0,0,0,326400,258508800,2625701030,1936237.0,394670281.0,0.0,396898536.0,347764317.0,22848000.0,0,1494217451,0,66570,83616653.0,83616653.0,0.0,135440.0,64,149297,0,0,2284800,2280835,288,3677,1305600,1462272000.0,1462272000.0,125337600.0,0.0,20889600.0,365568000.0,20889600.0,0.0,47797711,23262584,51985,5757,0,24169107,370029992.0,0.0,285092827.0,84937165.0,64,0.0,64,326400,652800,20889600,1958400,22848000,13708800,0,2284800,0.0,1336934400.0,360.0,396898536.0,0.0,0.0,24817965,0,5731,24182109,1149,35721813.0,0.0,334233600.0,83615245.0,64,4881,0,0,813318971,4538,0,0,811330314,4090,0,0,814325132,4437,0,0,819391976,4096,0,0,812118676,3979,0,0,813350542,4591,0,0,834262993,4046,0,0,846331453,4042,0,0,813517678,4696,0,0,809776278,3804,0,0,808316750,4625,0,0,806634980,4805,0,0,816169270,3437,0,0,810816551,4210,0,0,828202347,3746,0,0,847002665,4060,0,0,804565425,3952,0,0,802219969,4068,0,0,807060541,3951,0,0,811260587,4290,0,0,813749146,4459,0,0,813069506,4772,0,0,829321781,5245,0,0,841977937,3581,0,0,803001065,3722,0,0,802694564,3377,0,0,809389762,4933,0,0,810007191,4228,0,0,815435763,3832,0,0,815394992,4301,0,0,830613373,4543,0,0,848671204,64,35739594.0,0.0,334233600.0,2715761540.0,84935207.0,83615248.0,34477506620.0,26171994544.0,64,2654436,0,0,0,2654446,0,0,0,2654428,0,0,0,2654451,0,0,0,2654488,0,0,0,2654578,0,0,0,2654863,0,0,0,2654415,0,0,0,2654127,0,0,0,2654459,0,0,0,2654391,0,0,0,2654867,0,0,0,2654297,0,0,0,2654366,0,0,0,2654387,0,0,0,2654325,0,0,0,2654370,0,0,0,2654316,0,0,0,2654231,0,0,0,2654341,0,0,0,2654401,0,0,0,2654281,0,0,0,2654349,0,0,0,2654452,0,0,0,2654476,0,0,0,2654279,0,0,0,2654482,0,0,0,2654340,0,0,0,2654378,0,0,0,2654284,0,0,0,2654315,0,0,0,2654262,0,0,0,64,11563567,0,0,11562266,0,0,11563665,0,0,11562125,0,0,11563564,0,0,11562176,0,0,11563646,0,0,11562114,0,0,11563587,0,0,11562144,0,0,11563552,0,0,11562120,0,0,11563575,0,0,11562231,0,0,11563628,0,0,11562101,0,0,11563563,0,0,11562240,0,0,11563635,0,0,11562177,0,0,11563551,0,0,11562103,0,0,11563577,0,0,11562121,0,0,11563587,0,0,11562226,0,0,11563609,0,0,11562123,0,0,11563553,0,0,11562243,0,0,11563629,0,0,11562114,0,0,64,2644410686,298740722,139699200,22848000,102573722,151450200,15993600,0,26204597727.0,10245480633.0,232353305875.0,35686995.0,0.0,2003049808.0,0,373909260,24113450,0.0,0.0,128984.0,0.0,64,5222400,0,0,326400,0,0,0,0,0.0,0.0,0.0,0.0,0.0,0.0,0,1958400,0.0,0.0,0.0,1.0,64,10444800,24164736,0,0,10444800,24164736,0,0,10444800,24164736,0,0,10444800,24164736,0,0,10444800,24164736,0,0,10444800,24164736,0,0,10444800,24164736,0,0,10444800,24164736,0,0,10444800,24164736,0,0,10444800,24164736,0,0,10444800,24164736,0,0,10444800,24164736,0,0,10444800,24164736,0,0,10444800,24164736,0,0,10444800,24164736,0,0,10444800,24164736,0,0,10444800,24164736,0,0,10444800,24164736,0,0,10444800,24164736,0,0,10444800,24164736,0,0,10444800,24164736,0,0,10444800,24164736,0,0,10444800,24164736,0,0,10444800,24164736,0,0,10444800,24164736,0,0,10444800,24164736,0,0,10444800,24164736,0,0,10444800,24164736,0,0,10444800,24164736,0,0,10444800,24164736,0,0,10444800,24164736,0,0,10444800,24164736,0,0,64,193477352,193302931,326400,2897904338,5567203354,0,288,0,24184668,24184668,2899842738.0,2845517852.0,388784.0,701701264.0,2702508404.0,22848000.0,2834025626.0,2775625901.0,193477344,193312745,24184668,0,24184668,1136,773909376.0,773052377.0,6.0,0.0,6350370172743285.0,6350370189206814.0
16,"void kernel_gemm_xdlops_v2r4r2_simplified<GridwiseGemm_bk0mk1_bk0nk1_mn_xdlops_v2r4r2, false, (InMemoryDataOperationEnum)1, BlockToCTileMap_3DGrid_KSplit, PassThrough, PassThrough, PassThrough>(GridwiseGemm_bk0mk1_bk0nk1_mn_xdlops_v2r4r2<256, _Float16, _Float16, float, _Float16, RowMajor, ColumnMajor, RowMajor, PassThrough, PassThrough, PassThrough, (GemmSpecialization)3, 1, 256, 128, 4, 32, 32, 8, 4, 2, Sequence, Sequence, Sequence, 3, 8, 8, false, true, Sequence, Sequence, Sequence, 3, 8, 8, false, true, 1, 1, 8, Sequence, (LoopScheduler)0, (PipelineVersion)0, _Float16, _Float16, _Float16, Argument, BlockToCTileMap_3DGrid_KSplit PassThrough, PassThrough, PassThrough) (kd)",2,20889600,256,25088,0,96,96,32,64,5875200,0,20889600,1958400,2284800,13708800,9692774400,50918400,0.0,0.0,334233600.0,0.0,0.0,0.0,0,0,0.0,84940752.0,0.0,2238.0,64,0,1076491980,2613013,2613013,0,1069982202,2613291,2613291,0,1074842781,2613172,2613172,0,1071469573,2612891,2612891,0,1075970208,2613030,2613030,0,1073575016,2612969,2612969,0,1090036452,2613226,2613226,0,1099971730,2612792,2612792,0,1072004929,2612800,2612800,0,1070223844,2613247,2613247,0,1068839825,2613012,2613012,0,1064966601,2612889,2612889,0,1074091654,2612901,2612901,0,1073698245,2613191,2613191,0,1088776343,2612954,2612954,0,1099477792,2613287,2613287,0,1064017189,2612941,2612941,0,1064769771,2613543,2613543,0,1063222182,2612584,2612584,0,1066609535,2613179,2613179,0,1074982150,2613098,2613098,0,1072025948,2612714,2612714,0,1091732083,2613526,2613526,0,1104501697,2612704,2612704,0,1065426407,2613187,2613187,0,1059121843,2612524,2612524,0,1065064191,2613176,2613176,0,1067171799,2612717,2612717,0,1075092212,2613103,2613103,0,1073334898,2613200,2613200,0,1091193857,2612794,2612794,0,1101177227,2612782,2612782,64,0,0,288,0,50918400,50918425,0,0,24183644,31331880.0,0.0,0.0,22848000.0,1958400.0,0.0,0.0,22848000.0,81600,326400,429,24196256,14671,0,288.0,1004.0,0.0,369988940.0,64,20889600,0,0,177561600,0,0,4569600,0.0,0.0,0.0,0.0,326400,0,83491434.0,121170.0,84678800.0,0.0,64,8906466,2654395,1116061,11560861,8910511,2654402,1120113,11564913,8906646,2654265,1116111,11560911,8910547,2654269,1120016,11564816,8906266,2655090,1116556,11561356,8910424,2654447,1120071,11564871,8906443,2654746,1116389,11561189,8910599,2654191,1119990,11564790,8906580,2654270,1116050,11560850,8910432,2654370,1120002,11564802,8906540,2654416,1116156,11560956,8910574,2654242,1120016,11564816,8906407,2654418,1116025,11560825,8910518,2654417,1120135,11564935,8906658,2654296,1116154,11560954,8910619,2654172,1119991,11564791,8906375,2654490,1116065,11560865,8910560,2654366,1120126,11564926,8906778,2654155,1116133,11560933,8910591,2654219,1120010,11564810,8906374,2654447,1116021,11560821,8910566,2654256,1120022,11564822,8906432,2654362,1115994,11560794,8910564,2654251,1120015,11564815,8906599,2654550,1116349,11561149,8910680,2654240,1120120,11564920,8906497,2654391,1116088,11560888,8910582,2654216,1119998,11564798,8906434,2654411,1116045,11560845,8910659,2654257,1120116,11564916,8906714,2654205,1116119,11560919,8910605,2654299,1120104,11564904,64,0,52876800,0,0,0,326400,258508800,2622918537,1941775.0,394665121.0,0.0,396898536.0,348286652.0,22848000.0,0,1463079635,0,63568,83615070.0,83615070.0,0.0,133402.0,64,148822,0,0,2284800,2280841,288,3671,1305600,1462272000.0,1462272000.0,125337600.0,0.0,20889600.0,365568000.0,20889600.0,0.0,47773336,22915049,51251,5443,0,24163065,369992088.0,0.0,285054342.0,84937746.0,64,0.0,64,326400,652800,20889600,1958400,22848000,13708800,0,2284800,0.0,1336934400.0,360.0,396898536.0,0.0,0.0,25234417,0,5741,24175062,1170,35762734.0,0.0,334233600.0,83616534.0,64,2960,0,0,814738719,3223,0,0,807225103,3058,0,0,813348639,3207,0,0,813760954,3660,0,0,815439934,3498,0,0,814486023,3988,0,0,832968130,4053,0,0,846296007,3393,0,0,813502812,2837,0,0,809614253,3481,0,0,809902315,3344,0,0,810668707,3109,0,0,812623578,3690,0,0,813407686,3347,0,0,830027821,2946,0,0,845336840,3106,0,0,803566754,3160,0,0,803438742,3327,0,0,805608092,3433,0,0,809555803,3140,0,0,814469049,3562,0,0,811837171,3956,0,0,832890818,3693,0,0,846239497,3028,0,0,804439578,3216,0,0,803141294,3622,0,0,808721217,2934,0,0,808124888,3623,0,0,815980060,3581,0,0,810608235,3418,0,0,832431666,3152,0,0,845805875,64,35772836.0,0.0,334233600.0,2717658995.0,84940292.0,83616561.0,34479809997.0,26188136744.0,64,2654293,0,0,0,2654386,0,0,0,2654190,0,0,0,2654277,0,0,0,2654465,0,0,0,2654457,0,0,0,2654694,0,0,0,2654293,0,0,0,2654112,0,0,0,2654325,0,0,0,2654294,0,0,0,2654653,0,0,0,2654202,0,0,0,2654294,0,0,0,2654212,0,0,0,2654191,0,0,0,2654335,0,0,0,2654307,0,0,0,2654091,0,0,0,2654219,0,0,0,2654334,0,0,0,2654240,0,0,0,2654252,0,0,0,2654182,0,0,0,2654441,0,0,0,2654175,0,0,0,2654340,0,0,0,2654154,0,0,0,2654310,0,0,0,2654199,0,0,0,2654152,0,0,0,2654144,0,0,0,64,11560871,0,0,11562083,0,0,11560979,0,0,11561979,0,0,11560855,0,0,11562043,0,0,11560921,0,0,11562000,0,0,11560839,0,0,11561981,0,0,11560906,0,0,11561982,0,0,11560900,0,0,11562079,0,0,11560967,0,0,11561993,0,0,11560861,0,0,11562097,0,0,11560944,0,0,11561966,0,0,11560894,0,0,11561968,0,0,11560854,0,0,11561961,0,0,11560859,0,0,11562119,0,0,11560872,0,0,11561984,0,0,11560891,0,0,11562106,0,0,11560963,0,0,11561950,0,0,64,2655693959,298742369,139699200,22848000,102575359,151450210,15993600,0,26221587489.0,10289072302.0,232411735434.0,35764795.0,0.0,2006646035.0,0,383181540,24123659,0.0,0.0,132836.0,0.0,64,5222400,0,0,326400,0,0,0,0,0.0,0.0,0.0,0.0,0.0,0.0,0,1958400,0.0,0.0,0.0,99.0,64,10444800,24164170,0,0,10444800,24164170,0,0,10444800,24164170,0,0,10444800,24164170,0,0,10444800,24164170,0,0,10444800,24164170,0,0,10444800,24164170,0,0,10444800,24164170,0,0,10444800,24164170,0,0,10444800,24164170,0,0,10444800,24164170,0,0,10444800,24164170,0,0,10444800,24164170,0,0,10444800,24164170,0,0,10444800,24164170,0,0,10444800,24164170,0,0,10444800,24164170,0,0,10444800,24164170,0,0,10444800,24164170,0,0,10444800,24164170,0,0,10444800,24164170,0,0,10444800,24164170,0,0,10444800,24164170,0,0,10444800,24164170,0,0,10444800,24164170,0,0,10444800,24164170,0,0,10444800,24164170,0,0,10444800,24164170,0,0,10444800,24164170,0,0,10444800,24164170,0,0,10444800,24164170,0,0,10444800,24164170,0,0,64,193454600,193314562,326400,2898092317,5571173933,0,288,0,24181824,24181824,2900016796.0,2845700410.0,386383.0,703179869.0,2703281783.0,22848000.0,2834191169.0,2775783921.0,193454592,193323899,24181824,0,24181824,2019,773818368.0,773061755.0,6.0,0.0,6350370189206814.0,6350370205654337.0
17,"void kernel_gemm_xdlops_v2r4r2_simplified<GridwiseGemm_bk0mk1_bk0nk1_mn_xdlops_v2r4r2, false, (InMemoryDataOperationEnum)1, BlockToCTileMap_3DGrid_KSplit, PassThrough, PassThrough, PassThrough>(GridwiseGemm_bk0mk1_bk0nk1_mn_xdlops_v2r4r2<256, _Float16, _Float16, float, _Float16, RowMajor, ColumnMajor, RowMajor, PassThrough, PassThrough, PassThrough, (GemmSpecialization)3, 1, 256, 128, 4, 32, 32, 8, 4, 2, Sequence, Sequence, Sequence, 3, 8, 8, false, true, Sequence, Sequence, Sequence, 3, 8, 8, false, true, 1, 1, 8, Sequence, (LoopScheduler)0, (PipelineVersion)0, _Float16, _Float16, _Float16, Argument, BlockToCTileMap_3DGrid_KSplit PassThrough, PassThrough, PassThrough) (kd)",2,20889600,256,25088,0,96,96,32,64,5875200,0,20889600,1958400,2284800,13708800,9692774400,50918400,0.0,0.0,334233600.0,0.0,0.0,0.0,0,0,0.0,84937334.0,0.0,1874.0,64,0,1073887900,2612918,2612918,0,1071508331,2613208,2613208,0,1071123435,2613148,2613148,0,1072428808,2613081,2613081,0,1075317719,2612977,2612977,0,1074343249,2612887,2612887,0,1091336911,2613178,2613178,0,1101236141,2612840,2612840,0,1073586635,2612842,2612842,0,1070668914,2612979,2612979,0,1067300878,2612964,2612964,0,1064580002,2612841,2612841,0,1075396530,2613090,2613090,0,1070527095,2612895,2612895,0,1089979854,2612902,2612902,0,1099523813,2613279,2613279,0,1065793913,2612944,2612944,0,1061649175,2613473,2613473,0,1063601477,2612662,2612662,0,1065560297,2613160,2613160,0,1073443557,2613088,2613088,0,1072217233,2612635,2612635,0,1089449515,2613294,2613294,0,1102157625,2612774,2612774,0,1063988943,2613235,2613235,0,1064609120,2612410,2612410,0,1065409904,2612972,2612972,0,1067031156,2612790,2612790,0,1076463136,2613045,2613045,0,1074211412,2612978,2612978,0,1088428572,2612803,2612803,0,1098599371,2612763,2612763,64,0,0,288,0,50918400,50918423,0,0,24194904,31331880.0,0.0,0.0,22848000.0,1958400.0,0.0,0.0,22848000.0,81600,326400,509,24208788,15039,0,288.0,864.0,0.0,369962106.0,64,20889600,0,0,177561600,0,0,4569600,0.0,0.0,0.0,0.0,326400,0,83485810.0,127600.0,84678531.0,1.0,64,8908962,2654020,1118182,11562982,8907917,2654259,1117376,11562176,8908716,2654093,1118009,11562809,8907875,2654168,1117243,11562043,8908574,2654651,1118425,11563225,8907795,2654279,1117274,11562074,8908651,2654396,1118247,11563047,8907926,2654079,1117205,11562005,8908772,2653931,1117903,11562703,8907825,2654197,1117222,11562022,8908667,2654093,1117960,11562760,8907924,2654104,1117228,11562028,8908639,2654060,1117899,11562699,8907977,2654161,1117338,11562138,8908702,2654064,1117966,11562766,8907922,2654144,1117266,11562066,8908645,2654083,1117928,11562728,8908048,2654128,1117376,11562176,8908868,2653928,1117996,11562796,8907880,2654163,1117243,11562043,8908649,2654109,1117958,11562758,8907957,2654057,1117214,11562014,8908568,2654121,1117889,11562689,8907870,2654187,1117257,11562057,8908589,2654137,1117926,11562726,8908180,2653998,1117378,11562178,8908695,2654082,1117977,11562777,8907866,2654145,1117211,11562011,8908705,2654035,1117940,11562740,8908011,2654130,1117341,11562141,8908765,2654041,1118006,11562806,8907955,2654249,1117404,11562204,64,0,52876800,0,0,0,326400,258508800,2623513131,1937715.0,394668587.0,0.0,396898536.0,348967400.0,22848000.0,0,1438551386,0,64878,83614487.0,83614487.0,0.0,135141.0,64,152706,0,0,2284800,2280826,288,3686,1305600,1462272000.0,1462272000.0,125337600.0,0.0,20889600.0,365568000.0,20889600.0,0.0,47743728,23111155,50858,5391,0,24144903,370042174.0,0.0,285104485.0,84937689.0,64,0.0,64,326400,652800,20889600,1958400,22848000,13708800,0,2284800,0.0,1336934400.0,360.0,396898536.0,0.0,0.0,24792244,0,5783,24170233,1146,35759817.0,0.0,334233600.0,83615660.0,64,3465,0,0,814496591,4308,0,0,811925986,4821,0,0,814630249,3707,0,0,814862730,3537,0,0,812653483,3405,0,0,811379085,4948,0,0,835192478,3720,0,0,848007047,3950,0,0,811590516,3800,0,0,809349220,4249,0,0,809761322,4474,0,0,813062814,4142,0,0,811956765,3545,0,0,811829721,4612,0,0,831239284,4176,0,0,845916455,3817,0,0,801745919,4017,0,0,802195834,4782,0,0,806503317,4196,0,0,806877072,3918,0,0,814982945,4839,0,0,810985252,4402,0,0,831270493,3607,0,0,849118022,3551,0,0,803594538,3763,0,0,798576821,4237,0,0,810620527,3641,0,0,811808495,3664,0,0,814125880,4186,0,0,813009772,4046,0,0,830511999,3823,0,0,847812602,64,35757074.0,0.0,334233600.0,2717465339.0,84940985.0,83612780.0,34493670271.0,26168901852.0,64,2654377,0,0,0,2654356,0,0,0,2654263,0,0,0,2654377,0,0,0,2654376,0,0,0,2654374,0,0,0,2654670,0,0,0,2654383,0,0,0,2654157,0,0,0,2654342,0,0,0,2654366,0,0,0,2654742,0,0,0,2654290,0,0,0,2654212,0,0,0,2654284,0,0,0,2654238,0,0,0,2654329,0,0,0,2654227,0,0,0,2654148,0,0,0,2654257,0,0,0,2654355,0,0,0,2654234,0,0,0,2654283,0,0,0,2654278,0,0,0,2654405,0,0,0,2654149,0,0,0,2654333,0,0,0,2654225,0,0,0,2654322,0,0,0,2654258,0,0,0,2654177,0,0,0,2654201,0,0,0,64,11563157,0,0,11560213,0,0,11563225,0,0,11560064,0,0,11563154,0,0,11560126,0,0,11563208,0,0,11560118,0,0,11563174,0,0,11560073,0,0,11563115,0,0,11560124,0,0,11563129,0,0,11560193,0,0,11563257,0,0,11560042,0,0,11563148,0,0,11560237,0,0,11563284,0,0,11560067,0,0,11563160,0,0,11560091,0,0,11563159,0,0,11560082,0,0,11563181,0,0,11560186,0,0,11563149,0,0,11560125,0,0,11563195,0,0,11560211,0,0,11563229,0,0,11560112,0,0,64,2634271588,298741563,139699200,22848000,102574540,151450223,15993600,0,26177168884.0,10295785206.0,232174913489.0,35706948.0,0.0,1999676102.0,0,363143655,24102300,0.0,0.0,118688.0,0.0,64,5222400,0,0,326400,0,0,0,0,0.0,0.0,0.0,0.0,0.0,0.0,0,1958400,0.0,0.0,0.0,0.0,64,10444800,24181412,0,0,10444800,24181412,0,0,10444800,24181412,0,0,10444800,24181412,0,0,10444800,24181412,0,0,10444800,24181412,0,0,10444800,24181412,0,0,10444800,24181412,0,0,10444800,24181412,0,0,10444800,24181412,0,0,10444800,24181412,0,0,10444800,24181412,0,0,10444800,24181412,0,0,10444800,24181412,0,0,10444800,24181412,0,0,10444800,24181412,0,0,10444800,24181412,0,0,10444800,24181412,0,0,10444800,24181412,0,0,10444800,24181412,0,0,10444800,24181412,0,0,10444800,24181412,0,0,10444800,24181412,0,0,10444800,24181412,0,0,10444800,24181412,0,0,10444800,24181412,0,0,10444800,24181412,0,0,10444800,24181412,0,0,10444800,24181412,0,0,10444800,24181412,0,0,10444800,24181412,0,0,10444800,24181412,0,0,64,193521544,193368195,326400,2898764117,5566901356,0,288,0,24190192,24190192,2900821156.0,2845834618.0,387104.0,704430468.0,2702688913.0,22848000.0,2834288069.0,2775871452.0,193521536,193377525,24190192,0,24190192,1143,774086144.0,773284923.0,6.0,0.0,6350370205654337.0,6350370222119302.0
18,"void kernel_gemm_xdlops_v2r4r2_simplified<GridwiseGemm_bk0mk1_bk0nk1_mn_xdlops_v2r4r2, false, (InMemoryDataOperationEnum)1, BlockToCTileMap_3DGrid_KSplit, PassThrough, PassThrough, PassThrough>(GridwiseGemm_bk0mk1_bk0nk1_mn_xdlops_v2r4r2<256, _Float16, _Float16, float, _Float16, RowMajor, ColumnMajor, RowMajor, PassThrough, PassThrough, PassThrough, (GemmSpecialization)3, 1, 256, 128, 4, 32, 32, 8, 4, 2, Sequence, Sequence, Sequence, 3, 8, 8, false, true, Sequence, Sequence, Sequence, 3, 8, 8, false, true, 1, 1, 8, Sequence, (LoopScheduler)0, (PipelineVersion)0, _Float16, _Float16, _Float16, Argument, BlockToCTileMap_3DGrid_KSplit PassThrough, PassThrough, PassThrough) (kd)",2,20889600,256,25088,0,96,96,32,64,5875200,0,20889600,1958400,2284800,13708800,9692774400,50918400,0.0,0.0,334233600.0,0.0,0.0,0.0,0,0,0.0,84938769.0,0.0,1742.0,64,0,1073155003,2612958,2612958,0,1069998707,2613189,2613189,0,1071981227,2613066,2613066,0,1070868804,2612743,2612743,0,1079252913,2612875,2612875,0,1073358731,2612913,2612913,0,1091376838,2612973,2612973,0,1099291596,2612808,2612808,0,1073565717,2612762,2612762,0,1069430857,2612979,2612979,0,1066918460,2612950,2612950,0,1066535671,2612824,2612824,0,1075069386,2613028,2613028,0,1073234776,2613068,2613068,0,1089540285,2612833,2612833,0,1102173601,2613175,2613175,0,1063800393,2612785,2612785,0,1062783237,2613437,2613437,0,1068080430,2612546,2612546,0,1069808906,2613230,2613230,0,1075575816,2613090,2613090,0,1073008511,2612738,2612738,0,1089688323,2613252,2613252,0,1104244257,2612745,2612745,0,1068381075,2613133,2613133,0,1062753087,2612411,2612411,0,1066200999,2612816,2612816,0,1064433265,2612725,2612725,0,1073285556,2612977,2612977,0,1072927997,2612987,2612987,0,1088064646,2612673,2612673,0,1104824042,2612830,2612830,64,0,0,288,0,50918400,50918420,0,0,24175956,31331880.0,0.0,0.0,22848000.0,1958400.0,0.0,0.0,22848000.0,81600,326400,429,24188898,14830,0,288.0,971.0,0.0,369993355.0,64,20889600,0,0,177561600,0,0,4569600,0.0,0.0,0.0,0.0,326400,0,83486658.0,125682.0,84683178.0,0.0,64,8908173,2654295,1117668,11562468,8908425,2654328,1117953,11562753,8908083,2654232,1117515,11562315,8908384,2654235,1117819,11562619,8907833,2654833,1117866,11562666,8908231,2654403,1117834,11562634,8907761,2654724,1117685,11562485,8908493,2654175,1117868,11562668,8908041,2654132,1117373,11562173,8908338,2654319,1117857,11562657,8907916,2654322,1117438,11562238,8908451,2654158,1117809,11562609,8907897,2654271,1117368,11562168,8908441,2654325,1117966,11562766,8907947,2654293,1117440,11562240,8908452,2654205,1117857,11562657,8907869,2654332,1117401,11562201,8908488,2654278,1117966,11562766,8908214,2654065,1117479,11562279,8908411,2654249,1117860,11562660,8907842,2654360,1117402,11562202,8908450,2654211,1117861,11562661,8907853,2654341,1117394,11562194,8908405,2654224,1117829,11562629,8907838,2654377,1117415,11562215,8908594,2654161,1117955,11562755,8907912,2654326,1117438,11562238,8908361,2654278,1117839,11562639,8907880,2654315,1117395,11562195,8908550,2654226,1117976,11562776,8908144,2654179,1117523,11562323,8908507,2654228,1117935,11562735,64,0,52876800,0,0,0,326400,258508800,2624510942,1941196.0,394666124.0,0.0,396898536.0,348872279.0,22848000.0,0,1477921870,0,69914,83614959.0,83614959.0,0.0,117789.0,64,151775,0,0,2284800,2280758,288,3754,1305600,1462272000.0,1462272000.0,125337600.0,0.0,20889600.0,365568000.0,20889600.0,0.0,47796268,23114047,50378,5389,0,24155904,369935971.0,0.0,284999792.0,84936179.0,64,0.0,64,326400,652800,20889600,1958400,22848000,13708800,0,2284800,0.0,1336934400.0,360.0,396898536.0,0.0,0.0,24965841,0,5724,24172835,1173,35771300.0,0.0,334233600.0,83615710.0,64,4996,0,0,817203627,4252,0,0,815594513,4617,0,0,816600161,4118,0,0,815155115,4222,0,0,812977295,3601,0,0,814667860,4767,0,0,832254962,4264,0,0,846087915,4428,0,0,809515340,3684,0,0,809033457,4935,0,0,810162929,4435,0,0,807933993,4366,0,0,813477348,4031,0,0,810739687,5185,0,0,829487818,4116,0,0,845702880,3600,0,0,803121015,3736,0,0,802313248,5343,0,0,806130055,4418,0,0,811874957,4258,0,0,814474246,3828,0,0,813003189,4316,0,0,833585214,4085,0,0,847111935,3893,0,0,803940120,3832,0,0,801511808,4470,0,0,807086029,4009,0,0,809923099,4440,0,0,817887983,4116,0,0,812890955,4393,0,0,832716538,4480,0,0,844416663,64,35793910.0,0.0,334233600.0,2714290671.0,84937413.0,83615708.0,34487634603.0,26184626218.0,64,2654266,0,0,0,2654365,0,0,0,2654101,0,0,0,2654285,0,0,0,2654337,0,0,0,2654432,0,0,0,2654528,0,0,0,2654232,0,0,0,2654172,0,0,0,2654311,0,0,0,2654296,0,0,0,2654769,0,0,0,2654185,0,0,0,2654229,0,0,0,2654105,0,0,0,2654205,0,0,0,2654250,0,0,0,2654176,0,0,0,2653971,0,0,0,2654248,0,0,0,2654313,0,0,0,2654217,0,0,0,2654155,0,0,0,2654231,0,0,0,2654431,0,0,0,2654207,0,0,0,2654177,0,0,0,2654190,0,0,0,2654292,0,0,0,2654260,0,0,0,2654070,0,0,0,2654190,0,0,0,64,11562682,0,0,11563399,0,0,11562735,0,0,11563233,0,0,11562637,0,0,11563389,0,0,11562735,0,0,11563274,0,0,11562632,0,0,11563289,0,0,11562689,0,0,11563258,0,0,11562655,0,0,11563407,0,0,11562745,0,0,11563291,0,0,11562610,0,0,11563454,0,0,11562744,0,0,11563268,0,0,11562665,0,0,11563294,0,0,11562665,0,0,11563268,0,0,11562610,0,0,11563413,0,0,11562673,0,0,11563296,0,0,11562678,0,0,11563359,0,0,11562758,0,0,11563255,0,0,64,2647693237,298741679,139699200,22848000,102574744,151450135,15993600,0,26184350319.0,10285578970.0,232256113083.0,35764980.0,0.0,2002521314.0,0,377242845,24095456,0.0,0.0,127601.0,0.0,64,5222400,0,0,326400,0,0,0,0,0.0,0.0,0.0,0.0,0.0,0.0,0,1958400,0.0,0.0,0.0,1.0,64,10444800,24182189,0,0,10444800,24182189,0,0,10444800,24182189,0,0,10444800,24182189,0,0,10444800,24182189,0,0,10444800,24182189,0,0,10444800,24182189,0,0,10444800,24182189,0,0,10444800,24182189,0,0,10444800,24182189,0,0,10444800,24182189,0,0,10444800,24182189,0,0,10444800,24182189,0,0,10444800,24182189,0,0,10444800,24182189,0,0,10444800,24182189,0,0,10444800,24182189,0,0,10444800,24182189,0,0,10444800,24182189,0,0,10444800,24182189,0,0,10444800,24182189,0,0,10444800,24182189,0,0,10444800,24182189,0,0,10444800,24182189,0,0,10444800,24182189,0,0,10444800,24182189,0,0,10444800,24182189,0,0,10444800,24182189,0,0,10444800,24182189,0,0,10444800,24182189,0,0,10444800,24182189,0,0,10444800,24182189,0,0,64,193428408,193273779,326400,2897353109,5576163192,0,288,0,24178550,24178550,2899405118.0,2845888371.0,388288.0,703742943.0,2704377757.0,22848000.0,2834546677.0,2776203888.0,193428400,193283309,24178550,0,24178550,1163,773713600.0,772906040.0,6.0,0.0,6350370222119302.0,6350370238562511.0
19,"void kernel_gemm_xdlops_v2r4r2_simplified<GridwiseGemm_bk0mk1_bk0nk1_mn_xdlops_v2r4r2, false, (InMemoryDataOperationEnum)1, BlockToCTileMap_3DGrid_KSplit, PassThrough, PassThrough, PassThrough>(GridwiseGemm_bk0mk1_bk0nk1_mn_xdlops_v2r4r2<256, _Float16, _Float16, float, _Float16, RowMajor, ColumnMajor, RowMajor, PassThrough, PassThrough, PassThrough, (GemmSpecialization)3, 1, 256, 128, 4, 32, 32, 8, 4, 2, Sequence, Sequence, Sequence, 3, 8, 8, false, true, Sequence, Sequence, Sequence, 3, 8, 8, false, true, 1, 1, 8, Sequence, (LoopScheduler)0, (PipelineVersion)0, _Float16, _Float16, _Float16, Argument, BlockToCTileMap_3DGrid_KSplit PassThrough, PassThrough, PassThrough) (kd)",2,20889600,256,25088,0,96,96,32,64,5875200,0,20889600,1958400,2284800,13708800,9692774400,50918400,0.0,0.0,334233600.0,0.0,0.0,0.0,0,0,0.0,84939015.0,0.0,2004.0,64,0,1071758349,2613140,2613140,0,1073924054,2613250,2613250,0,1070778966,2613342,2613342,0,1071790019,2612832,2612832,0,1073176631,2612900,2612900,0,1076666299,2612937,2612937,0,1090134398,2613118,2613118,0,1102865555,2612693,2612693,0,1074387395,2612839,2612839,0,1069824434,2613078,2613078,0,1071005166,2613061,2613061,0,1065321370,2612820,2612820,0,1076594567,2613054,2613054,0,1072239522,2613066,2613066,0,1091202177,2613167,2613167,0,1102616258,2613322,2613322,0,1064584125,2613040,2613040,0,1062392095,2613550,2613550,0,1067134167,2612739,2612739,0,1065869750,2613277,2613277,0,1074642935,2613035,2613035,0,1072818235,2612644,2612644,0,1089587417,2613351,2613351,0,1102209981,2612716,2612716,0,1066371346,2613355,2613355,0,1064390738,2612553,2612553,0,1067907268,2613035,2613035,0,1064001439,2612759,2612759,0,1074760191,2613050,2613050,0,1073499662,2613000,2613000,0,1087802235,2612724,2612724,0,1101022955,2612714,2612714,64,0,0,288,0,50918400,50918421,0,0,24155476,31331880.0,0.0,0.0,22848000.0,1958400.0,0.0,0.0,22848000.0,81600,326400,509,24168968,14812,0,288.0,1042.0,0.0,370007933.0,64,20889600,0,0,177561600,0,0,4569600,0.0,0.0,0.0,0.0,326400,0,83488686.0,122783.0,84682847.0,0.0,64,8907142,2654325,1116667,11561467,8909986,2654408,1119594,11564394,8907385,2654173,1116758,11561558,8909943,2654315,1119458,11564258,8907097,2654917,1117214,11562014,8909874,2654460,1119534,11564334,8907089,2654726,1117015,11561815,8910086,2654179,1119465,11564265,8907367,2654127,1116694,11561494,8909878,2654381,1119459,11564259,8907255,2654340,1116795,11561595,8910006,2654246,1119452,11564252,8907261,2654229,1116690,11561490,8910090,2654291,1119581,11564381,8907328,2654224,1116752,11561552,8910090,2654184,1119474,11564274,8907193,2654305,1116698,11561498,8910160,2654231,1119591,11564391,8907419,2654110,1116729,11561529,8910034,2654260,1119494,11564294,8907181,2654315,1116696,11561496,8910019,2654230,1119449,11564249,8907244,2654229,1116673,11561473,8909985,2654278,1119463,11564263,8907079,2654410,1116689,11561489,8910122,2654236,1119558,11564358,8907224,2654327,1116751,11561551,8910006,2654246,1119452,11564252,8907398,2654361,1116959,11561759,8910185,2654207,1119592,11564392,8907431,2654140,1116771,11561571,8910044,2654334,1119578,11564378,64,0,52876800,0,0,0,326400,258508800,2625234859,1937274.0,394669273.0,0.0,396898536.0,348172292.0,22848000.0,0,1473382773,0,65410,83614989.0,83614989.0,0.0,126332.0,64,145817,0,0,2284800,2280789,288,3723,1305600,1462272000.0,1462272000.0,125337600.0,0.0,20889600.0,365568000.0,20889600.0,0.0,47778100,22760619,50678,5370,0,24142979,370034758.0,0.0,285096451.0,84938307.0,64,0.0,64,326400,652800,20889600,1958400,22848000,13708800,0,2284800,0.0,1336934400.0,360.0,396898536.0,0.0,0.0,25220468,0,5735,24156809,1179,35763613.0,0.0,334233600.0,83614212.0,64,3661,0,0,812664864,3473,0,0,810737655,3643,0,0,814025175,3582,0,0,815545140,3862,0,0,815379509,3902,0,0,813791713,3874,0,0,834427500,3890,0,0,843792882,4189,0,0,813581095,3530,0,0,810088776,3952,0,0,808592629,3799,0,0,810557500,3745,0,0,815655679,3294,0,0,815858703,3728,0,0,832167460,3585,0,0,844523128,4192,0,0,806886370,3414,0,0,804716352,4126,0,0,804481345,3321,0,0,805927841,4025,0,0,812900834,3411,0,0,811904665,3761,0,0,828884395,3237,0,0,843915945,3817,0,0,804650505,4044,0,0,802985355,3438,0,0,809305058,3815,0,0,806117255,4267,0,0,814020455,3297,0,0,812902423,3979,0,0,830304759,3754,0,0,845611934,64,35778242.0,0.0,334233600.0,2716467951.0,84937505.0,83615933.0,34468247932.0,26164826771.0,64,2654346,0,0,0,2654328,0,0,0,2654256,0,0,0,2654228,0,0,0,2654395,0,0,0,2654443,0,0,0,2654739,0,0,0,2654305,0,0,0,2654165,0,0,0,2654312,0,0,0,2654404,0,0,0,2654519,0,0,0,2654307,0,0,0,2654299,0,0,0,2654320,0,0,0,2654237,0,0,0,2654379,0,0,0,2654296,0,0,0,2654191,0,0,0,2654200,0,0,0,2654333,0,0,0,2654215,0,0,0,2654391,0,0,0,2654276,0,0,0,2654408,0,0,0,2654212,0,0,0,2654369,0,0,0,2654229,0,0,0,2654353,0,0,0,2654204,0,0,0,2654196,0,0,0,2654127,0,0,0,64,11563167,0,0,11563146,0,0,11563243,0,0,11562974,0,0,11563201,0,0,11563073,0,0,11563222,0,0,11562994,0,0,11563179,0,0,11562967,0,0,11563181,0,0,11563003,0,0,11563167,0,0,11563129,0,0,11563247,0,0,11563013,0,0,11563164,0,0,11563114,0,0,11563256,0,0,11562990,0,0,11563165,0,0,11562987,0,0,11563168,0,0,11562984,0,0,11563157,0,0,11563116,0,0,11563184,0,0,11563040,0,0,11563170,0,0,11563101,0,0,11563246,0,0,11563010,0,0,64,2645221110,298741024,139699200,22848000,102574058,151450166,15993600,0,26212160688.0,10279090156.0,232402860882.0,35736932.0,0.0,2003922366.0,0,373367490,24124510,0.0,0.0,122145.0,0.0,64,5222400,0,0,326400,0,0,0,0,0.0,0.0,0.0,0.0,0.0,0.0,0,1958400,0.0,0.0,0.0,116.0,64,10444800,24165485,0,0,10444800,24165485,0,0,10444800,24165485,0,0,10444800,24165485,0,0,10444800,24165485,0,0,10444800,24165485,0,0,10444800,24165485,0,0,10444800,24165485,0,0,10444800,24165485,0,0,10444800,24165485,0,0,10444800,24165485,0,0,10444800,24165485,0,0,10444800,24165485,0,0,10444800,24165485,0,0,10444800,24165485,0,0,10444800,24165485,0,0,10444800,24165485,0,0,10444800,24165485,0,0,10444800,24165485,0,0,10444800,24165485,0,0,10444800,24165485,0,0,10444800,24165485,0,0,10444800,24165485,0,0,10444800,24165485,0,0,10444800,24165485,0,0,10444800,24165485,0,0,10444800,24165485,0,0,10444800,24165485,0,0,10444800,24165485,0,0,10444800,24165485,0,0,10444800,24165485,0,0,10444800,24165485,0,0,64,193287192,193142501,326400,2895457386,5569081437,0,288,0,24160898,24160898,2897435726.0,2843256843.0,386650.0,700132266.0,2700836369.0,22848000.0,2831784540.0,2773388251.0,193287184,193151951,24160898,0,24160898,1162,773148736.0,772423147.0,6.0,0.0,6350370238562687.0,6350370255019329.0
20,"void kernel_gemm_xdlops_v2r4r2_simplified<GridwiseGemm_bk0mk1_bk0nk1_mn_xdlops_v2r4r2, false, (InMemoryDataOperationEnum)1, BlockToCTileMap_3DGrid_KSplit, PassThrough, PassThrough, PassThrough>(GridwiseGemm_bk0mk1_bk0nk1_mn_xdlops_v2r4r2<256, _Float16, _Float16, float, _Float16, RowMajor, ColumnMajor, RowMajor, PassThrough, PassThrough, PassThrough, (GemmSpecialization)3, 1, 256, 128, 4, 32, 32, 8, 4, 2, Sequence, Sequence, Sequence, 3, 8, 8, false, true, Sequence, Sequence, Sequence, 3, 8, 8, false, true, 1, 1, 8, Sequence, (LoopScheduler)0, (PipelineVersion)0, _Float16, _Float16, _Float16, Argument, BlockToCTileMap_3DGrid_KSplit PassThrough, PassThrough, PassThrough) (kd)",2,20889600,256,25088,0,96,96,32,64,5875200,0,20889600,1958400,2284800,13708800,9692774400,50918400,0.0,0.0,334233600.0,0.0,0.0,0.0,0,0,0.0,84936804.0,0.0,2300.0,64,0,1074226999,2613189,2613189,0,1071583330,2613209,2613209,0,1071390273,2613140,2613140,0,1072733528,2613024,2613024,0,1076605156,2613072,2613072,0,1073909489,2613054,2613054,0,1093085348,2613193,2613193,0,1101974063,2612696,2612696,0,1073601437,2612921,2612921,0,1069748505,2612985,2612985,0,1065813343,2612974,2612974,0,1064326455,2612892,2612892,0,1073912579,2612958,2612958,0,1074969657,2613025,2613025,0,1087983274,2612979,2612979,0,1100923607,2613433,2613433,0,1065431360,2612993,2612993,0,1065571590,2613451,2613451,0,1066595994,2612727,2612727,0,1067046803,2613336,2613336,0,1074472331,2613193,2613193,0,1075166574,2612734,2612734,0,1088680370,2613498,2613498,0,1101763198,2612715,2612715,0,1064631368,2613198,2613198,0,1062604214,2612606,2612606,0,1066688617,2613042,2613042,0,1064928244,2612807,2612807,0,1075719456,2613302,2613302,0,1073091673,2613087,2613087,0,1087664753,2612835,2612835,0,1104587567,2612724,2612724,64,0,0,288,0,50918400,50918417,0,0,24167004,31331880.0,0.0,0.0,22848000.0,1958400.0,0.0,0.0,22848000.0,81600,326400,429,24179674,14539,0,288.0,995.0,0.0,370001862.0,64,20889600,0,0,177561600,0,0,4569600,0.0,0.0,0.0,0.0,326400,0,83494062.0,121681.0,84681083.0,0.0,64,8908526,2654162,1117888,11562688,8906116,2654332,1115648,11560448,8908707,2654069,1117976,11562776,8906036,2654267,1115503,11560303,8908498,2654696,1118394,11563194,8905988,2654378,1115566,11560366,8908440,2654603,1118243,11563043,8906236,2654088,1115524,11560324,8908679,2654000,1117879,11562679,8906100,2654273,1115573,11560373,8908539,2654218,1117957,11562757,8906268,2654080,1115548,11560348,8908581,2654095,1117876,11562676,8906211,2654242,1115653,11560453,8908684,2654108,1117992,11562792,8906179,2654135,1115514,11560314,8908545,2654151,1117896,11562696,8906252,2654197,1115649,11560449,8908804,2653996,1118000,11562800,8906185,2654174,1115559,11560359,8908422,2654287,1117909,11562709,8906108,2654215,1115523,11560323,8908520,2654203,1117923,11562723,8906094,2654183,1115477,11560277,8908493,2654239,1117932,11562732,8906296,2654137,1115633,11560433,8908502,2654263,1117965,11562765,8906202,2654118,1115520,11560320,8908881,2654140,1118221,11563021,8906313,2654130,1115643,11560443,8908777,2654032,1118009,11562809,8906128,2654435,1115763,11560563,64,0,52876800,0,0,0,326400,258508800,2625010548,1938269.0,394668249.0,0.0,396898536.0,347650706.0,22848000.0,0,1476707816,0,66795,83615472.0,83615472.0,0.0,133592.0,64,133565,0,0,2284800,2280844,288,3668,1305600,1462272000.0,1462272000.0,125337600.0,0.0,20889600.0,365568000.0,20889600.0,0.0,47811132,23648805,51100,5378,0,24164308,369983671.0,0.0,285048620.0,84935051.0,64,0.0,64,326400,652800,20889600,1958400,22848000,13708800,0,2284800,0.0,1336934400.0,360.0,396898536.0,0.0,0.0,25161389,0,6135,24166068,1160,35749765.0,0.0,334233600.0,83615484.0,64,4505,0,0,814476708,3781,0,0,812113607,4090,0,0,816695140,4744,0,0,816137177,4461,0,0,813544745,3710,0,0,814109449,3858,0,0,832288306,4297,0,0,845764484,3552,0,0,813431609,4241,0,0,812564486,4907,0,0,812131387,3819,0,0,811390677,4129,0,0,811060852,3878,0,0,811699194,4373,0,0,831086470,4700,0,0,847476962,3610,0,0,801641870,3695,0,0,801875029,3963,0,0,806570185,4388,0,0,807973491,3597,0,0,813787716,3838,0,0,811914226,4020,0,0,832416691,3504,0,0,847921571,4018,0,0,803436859,3027,0,0,804121564,3711,0,0,807124143,4273,0,0,811473327,3959,0,0,812586229,4070,0,0,814208560,4475,0,0,831054958,4553,0,0,844287437,64,35752063.0,0.0,334233600.0,2717286630.0,84938553.0,83615776.0,34468956141.0,26167820118.0,64,2654292,0,0,0,2654266,0,0,0,2654182,0,0,0,2654223,0,0,0,2654382,0,0,0,2654341,0,0,0,2654684,0,0,0,2654257,0,0,0,2654165,0,0,0,2654176,0,0,0,2654403,0,0,0,2654561,0,0,0,2654232,0,0,0,2654220,0,0,0,2654244,0,0,0,2654190,0,0,0,2654350,0,0,0,2654193,0,0,0,2654109,0,0,0,2654246,0,0,0,2654347,0,0,0,2654127,0,0,0,2654273,0,0,0,2654308,0,0,0,2654402,0,0,0,2654110,0,0,0,2654305,0,0,0,2654202,0,0,0,2654289,0,0,0,2654127,0,0,0,2654081,0,0,0,2654146,0,0,0,64,11562704,0,0,11563432,0,0,11562768,0,0,11563335,0,0,11562704,0,0,11563379,0,0,11562775,0,0,11563307,0,0,11562717,0,0,11563315,0,0,11562718,0,0,11563300,0,0,11562715,0,0,11563463,0,0,11562773,0,0,11563324,0,0,11562710,0,0,11563456,0,0,11562798,0,0,11563316,0,0,11562680,0,0,11563311,0,0,11562715,0,0,11563326,0,0,11562694,0,0,11563461,0,0,11562707,0,0,11563335,0,0,11562710,0,0,11563422,0,0,11562776,0,0,11563316,0,0,64,2642806209,298742034,139699200,22848000,102575028,151450206,15993600,0,26199921673.0,10282675131.0,232408479670.0,35753027.0,0.0,2002070576.0,0,373312695,24112655,0.0,0.0,122800.0,0.0,64,5222400,0,0,326400,0,0,0,0,0.0,0.0,0.0,0.0,0.0,0.0,0,1958400,0.0,0.0,0.0,3.0,64,10444800,24175650,0,0,10444800,24175650,0,0,10444800,24175650,0,0,10444800,24175650,0,0,10444800,24175650,0,0,10444800,24175650,0,0,10444800,24175650,0,0,10444800,24175650,0,0,10444800,24175650,0,0,10444800,24175650,0,0,10444800,24175650,0,0,10444800,24175650,0,0,10444800,24175650,0,0,10444800,24175650,0,0,10444800,24175650,0,0,10444800,24175650,0,0,10444800,24175650,0,0,10444800,24175650,0,0,10444800,24175650,0,0,10444800,24175650,0,0,10444800,24175650,0,0,10444800,24175650,0,0,10444800,24175650,0,0,10444800,24175650,0,0,10444800,24175650,0,0,10444800,24175650,0,0,10444800,24175650,0,0,10444800,24175650,0,0,10444800,24175650,0,0,10444800,24175650,0,0,10444800,24175650,0,0,10444800,24175650,0,0,64,193417840,193270977,326400,2897487871,5568200175,0,288,0,24177229,24177229,2899363182.0,2845127216.0,387790.0,702643718.0,2702567081.0,22848000.0,2833636487.0,2775244547.0,193417832,193280569,24177229,0,24177229,1128,773671328.0,772949729.0,6.0,0.0,6350370255019329.0,6350370271485259.0
21,"void kernel_gemm_xdlops_v2r4r2_simplified<GridwiseGemm_bk0mk1_bk0nk1_mn_xdlops_v2r4r2, false, (InMemoryDataOperationEnum)1, BlockToCTileMap_3DGrid_KSplit, PassThrough, PassThrough, PassThrough>(GridwiseGemm_bk0mk1_bk0nk1_mn_xdlops_v2r4r2<256, _Float16, _Float16, float, _Float16, RowMajor, ColumnMajor, RowMajor, PassThrough, PassThrough, PassThrough, (GemmSpecialization)3, 1, 256, 128, 4, 32, 32, 8, 4, 2, Sequence, Sequence, Sequence, 3, 8, 8, false, true, Sequence, Sequence, Sequence, 3, 8, 8, false, true, 1, 1, 8, Sequence, (LoopScheduler)0, (PipelineVersion)0, _Float16, _Float16, _Float16, Argument, BlockToCTileMap_3DGrid_KSplit PassThrough, PassThrough, PassThrough) (kd)",2,20889600,256,25088,0,96,96,32,64,5875200,0,20889600,1958400,2284800,13708800,9692774400,50918400,0.0,0.0,334233600.0,0.0,0.0,0.0,0,0,0.0,84940490.0,0.0,2070.0,64,0,1071233023,2613050,2613050,0,1072454878,2613218,2613218,0,1072752985,2613130,2613130,0,1069747862,2613005,2613005,0,1077607012,2612926,2612926,0,1077344329,2612968,2612968,0,1090908884,2613222,2613222,0,1099557240,2612784,2612784,0,1072794543,2612748,2612748,0,1069325367,2613152,2613152,0,1068322766,2612990,2612990,0,1067527602,2612808,2612808,0,1077488507,2612986,2612986,0,1070994799,2613045,2613045,0,1087677875,2612968,2612968,0,1102061440,2613348,2613348,0,1064196043,2613014,2613014,0,1062108696,2613501,2613501,0,1065559289,2612592,2612592,0,1067083461,2613233,2613233,0,1074992994,2613117,2613117,0,1072762142,2612666,2612666,0,1089309796,2613390,2613390,0,1101688933,2612754,2612754,0,1067096057,2613237,2613237,0,1063872480,2612542,2612542,0,1065148553,2612956,2612956,0,1064262822,2612771,2612771,0,1073678134,2613035,2613035,0,1075917772,2613228,2613228,0,1087667579,2612670,2612670,0,1102903286,2612759,2612759,64,0,0,288,0,50918400,50918416,0,0,24170335,31331880.0,0.0,0.0,22848000.0,1958400.0,0.0,0.0,22848000.0,81600,326400,509,24183856,14983,0,288.0,1049.0,0.0,370005098.0,64,20889600,0,0,177561600,0,0,4569600,0.0,0.0,0.0,0.0,326400,0,83488982.0,123573.0,84676437.0,0.0,64,8907345,2654039,1116584,11561384,8907907,2654227,1117334,11562134,8907471,2653999,1116670,11561470,8907803,2654214,1117217,11562017,8907202,2654580,1116982,11561782,8907729,2654360,1117289,11562089,8907225,2654455,1116880,11561680,8908007,2654068,1117275,11562075,8907413,2653933,1116546,11561346,8907867,2654153,1117220,11562020,8907360,2654115,1116675,11561475,8907887,2654117,1117204,11562004,8907545,2654089,1116834,11561634,8908039,2654147,1117386,11562186,8907404,2654029,1116633,11561433,8907903,2654121,1117224,11562024,8907211,2654144,1116555,11561355,8908066,2654080,1117346,11562146,8907511,2653949,1116660,11561460,8907914,2654153,1117267,11562067,8907260,2654117,1116577,11561377,8907992,2654032,1117224,11562024,8907240,2654102,1116542,11561342,8907823,2654172,1117195,11561995,8907236,2654127,1116563,11561363,8908091,2654079,1117370,11562170,8907268,2654097,1116565,11561365,8907933,2654116,1117249,11562049,8907293,2654071,1116564,11561364,8908112,2654038,1117350,11562150,8907487,2653925,1116612,11561412,8907912,2654264,1117376,11562176,64,0,52876800,0,0,0,326400,258508800,2624124249,1939182.0,394667236.0,0.0,396898536.0,349325683.0,22848000.0,0,1482389756,0,65640,83615603.0,83615603.0,0.0,132957.0,64,132242,0,0,2284800,2280793,288,3719,1305600,1462272000.0,1462272000.0,125337600.0,0.0,20889600.0,365568000.0,20889600.0,0.0,47776668,22814161,52176,5411,0,24149281,370003395.0,0.0,285068286.0,84935109.0,64,0.0,64,326400,652800,20889600,1958400,22848000,13708800,0,2284800,0.0,1336934400.0,360.0,396898536.0,0.0,0.0,25704681,0,5980,24162636,1092,35804372.0,0.0,334233600.0,83615194.0,64,5008,0,0,814395282,4277,0,0,811760515,3747,0,0,815098209,3977,0,0,811765533,5713,0,0,813755445,4560,0,0,811968742,4189,0,0,834938062,4293,0,0,845517303,4844,0,0,814182177,3848,0,0,809763049,4313,0,0,810977831,3920,0,0,808337578,5399,0,0,813391508,4274,0,0,812681525,4812,0,0,834582054,4731,0,0,846007700,4953,0,0,804858844,4100,0,0,802219705,4186,0,0,809930394,4480,0,0,807052454,5174,0,0,811933492,3362,0,0,811496514,4337,0,0,832801068,4822,0,0,844664919,5605,0,0,805894696,4291,0,0,799101861,3977,0,0,810219362,4431,0,0,807887316,4765,0,0,816978152,4286,0,0,811861626,4357,0,0,829627903,3949,0,0,845120961,64,35756016.0,0.0,334233600.0,2714589382.0,84935610.0,83614675.0,34462577269.0,26155822768.0,64,2654292,0,0,0,2654498,0,0,0,2654177,0,0,0,2654412,0,0,0,2654381,0,0,0,2654491,0,0,0,2654754,0,0,0,2654427,0,0,0,2654147,0,0,0,2654314,0,0,0,2654275,0,0,0,2654880,0,0,0,2654228,0,0,0,2654480,0,0,0,2654311,0,0,0,2654325,0,0,0,2654278,0,0,0,2654367,0,0,0,2654180,0,0,0,2654328,0,0,0,2654276,0,0,0,2654231,0,0,0,2654303,0,0,0,2654380,0,0,0,2654395,0,0,0,2654214,0,0,0,2654351,0,0,0,2654337,0,0,0,2654278,0,0,0,2654317,0,0,0,2654097,0,0,0,2654282,0,0,0,64,11565578,0,0,11561885,0,0,11565661,0,0,11561803,0,0,11565655,0,0,11561808,0,0,11565705,0,0,11561764,0,0,11565607,0,0,11561791,0,0,11565611,0,0,11561741,0,0,11565635,0,0,11561854,0,0,11565714,0,0,11561745,0,0,11565631,0,0,11561909,0,0,11565677,0,0,11561803,0,0,11565590,0,0,11561749,0,0,11565617,0,0,11561752,0,0,11565641,0,0,11561831,0,0,11565633,0,0,11561779,0,0,11565641,0,0,11561880,0,0,11565659,0,0,11561753,0,0,64,2642345283,298741541,139699200,22848000,102574524,151450217,15993600,0,26182400120.0,10288130173.0,232232371555.0,35753091.0,0.0,2001121113.0,0,371991690,24099426,0.0,0.0,126634.0,0.0,64,5222400,0,0,326400,0,0,0,0,0.0,0.0,0.0,0.0,0.0,0.0,0,1958400,0.0,0.0,0.0,3.0,64,10444800,24172108,0,0,10444800,24172108,0,0,10444800,24172108,0,0,10444800,24172108,0,0,10444800,24172108,0,0,10444800,24172108,0,0,10444800,24172108,0,0,10444800,24172108,0,0,10444800,24172108,0,0,10444800,24172108,0,0,10444800,24172108,0,0,10444800,24172108,0,0,10444800,24172108,0,0,10444800,24172108,0,0,10444800,24172108,0,0,10444800,24172108,0,0,10444800,24172108,0,0,10444800,24172108,0,0,10444800,24172108,0,0,10444800,24172108,0,0,10444800,24172108,0,0,10444800,24172108,0,0,10444800,24172108,0,0,10444800,24172108,0,0,10444800,24172108,0,0,10444800,24172108,0,0,10444800,24172108,0,0,10444800,24172108,0,0,10444800,24172108,0,0,10444800,24172108,0,0,10444800,24172108,0,0,10444800,24172108,0,0,64,193224608,193061295,326400,2894225305,5578754450,0,288,0,24153075,24153075,2896218038.0,2843386058.0,386433.0,701438890.0,2703132477.0,22848000.0,2832121710.0,2773802139.0,193224600,193070833,24153075,0,24153075,1157,772898400.0,772093957.0,6.0,0.0,6350370271485259.0,6350370287930224.0
22,"void kernel_gemm_xdlops_v2r4r2_simplified<GridwiseGemm_bk0mk1_bk0nk1_mn_xdlops_v2r4r2, false, (InMemoryDataOperationEnum)1, BlockToCTileMap_3DGrid_KSplit, PassThrough, PassThrough, PassThrough>(GridwiseGemm_bk0mk1_bk0nk1_mn_xdlops_v2r4r2<256, _Float16, _Float16, float, _Float16, RowMajor, ColumnMajor, RowMajor, PassThrough, PassThrough, PassThrough, (GemmSpecialization)3, 1, 256, 128, 4, 32, 32, 8, 4, 2, Sequence, Sequence, Sequence, 3, 8, 8, false, true, Sequence, Sequence, Sequence, 3, 8, 8, false, true, 1, 1, 8, Sequence, (LoopScheduler)0, (PipelineVersion)0, _Float16, _Float16, _Float16, Argument, BlockToCTileMap_3DGrid_KSplit PassThrough, PassThrough, PassThrough) (kd)",2,20889600,256,25088,0,96,96,32,64,5875200,0,20889600,1958400,2284800,13708800,9692774400,50918400,0.0,0.0,334233600.0,0.0,0.0,0.0,0,0,0.0,84938468.0,0.0,1996.0,64,0,1076019407,2613017,2613017,0,1069377081,2613348,2613348,0,1070073197,2613264,2613264,0,1072693883,2612936,2612936,0,1075625319,2612847,2612847,0,1075356867,2612938,2612938,0,1091901587,2613234,2613234,0,1100340707,2612831,2612831,0,1072107791,2612725,2612725,0,1070907278,2613122,2613122,0,1068850901,2613086,2613086,0,1063986385,2612757,2612757,0,1075359404,2613055,2613055,0,1073503543,2613009,2613009,0,1086944828,2612981,2612981,0,1099394078,2613318,2613318,0,1064634387,2612964,2612964,0,1060713183,2613730,2613730,0,1063592380,2612699,2612699,0,1061644165,2613222,2613222,0,1074648378,2613097,2613097,0,1076241236,2612739,2612739,0,1087087252,2613376,2613376,0,1100533541,2612796,2612796,0,1061994662,2613170,2613170,0,1063507938,2612575,2612575,0,1063775117,2613196,2613196,0,1064922609,2612676,2612676,0,1074397106,2613038,2613038,0,1075341797,2613059,2613059,0,1085574764,2612789,2612789,0,1105655832,2612812,2612812,64,0,0,288,0,50918400,50918420,0,0,24158804,31331880.0,0.0,0.0,22848000.0,1958400.0,0.0,0.0,22848000.0,81600,326400,429,24171462,15049,0,288.0,996.0,0.0,369982733.0,64,20889600,0,0,177561600,0,0,4569600,0.0,0.0,0.0,0.0,326400,0,83490991.0,122958.0,84678155.0,1.0,64,8909275,2654278,1118753,11563553,8908633,2654213,1118046,11562846,8909484,2654144,1118828,11563628,8908576,2654116,1117892,11562692,8909195,2654827,1119222,11564022,8908431,2654345,1117976,11562776,8909214,2654710,1119124,11563924,8908602,2654122,1117924,11562724,8909418,2654150,1118768,11563568,8908543,2654176,1117919,11562719,8909271,2654315,1118786,11563586,8908629,2654098,1117927,11562727,8909605,2654245,1119050,11563850,8908664,2654164,1118028,11562828,8909391,2654235,1118826,11563626,8908598,2654112,1117910,11562710,8909268,2654274,1118742,11563542,8908714,2654130,1118044,11562844,8909500,2654121,1118821,11563621,8908672,2654109,1117981,11562781,8909118,2654397,1118715,11563515,8908640,2654100,1117940,11562740,8909210,2654313,1118723,11563523,8908597,2654122,1117919,11562719,8909090,2654456,1118746,11563546,8908759,2654085,1118044,11562844,8909355,2654247,1118802,11563602,8908549,2654173,1117922,11562722,8909227,2654306,1118733,11563533,8908781,2654072,1118053,11562853,8909519,2654149,1118868,11563668,8908658,2654303,1118161,11562961,64,0,52876800,0,0,0,326400,258508800,2624316613,1940188.0,394666661.0,0.0,396898536.0,347940091.0,22848000.0,0,1473381418,0,64439,83615486.0,83615486.0,0.0,122814.0,64,136809,0,0,2284800,2280699,288,3813,1305600,1462272000.0,1462272000.0,125337600.0,0.0,20889600.0,365568000.0,20889600.0,0.0,47835982,22931803,52388,5406,0,24190027,369943999.0,0.0,285004481.0,84939518.0,64,0.0,64,326400,652800,20889600,1958400,22848000,13708800,0,2284800,0.0,1336934400.0,360.0,396898536.0,0.0,0.0,25116641,0,6204,24180027,1141,35743093.0,0.0,334233600.0,83617309.0,64,4725,0,0,812692334,3623,0,0,810821025,4178,0,0,813362820,4190,0,0,815966928,4352,0,0,812364528,3458,0,0,811893853,4160,0,0,833597573,4823,0,0,845391504,4752,0,0,818063766,3833,0,0,813274616,3966,0,0,812329230,4238,0,0,809523731,4152,0,0,812991708,3753,0,0,813791949,3866,0,0,830712361,4460,0,0,843497272,4568,0,0,803940380,3856,0,0,806892441,4084,0,0,805479129,3667,0,0,806820013,4706,0,0,818311970,4057,0,0,814665004,4270,0,0,833017428,4108,0,0,843768814,4253,0,0,803962248,3273,0,0,798973881,4500,0,0,807896105,4134,0,0,809337347,4656,0,0,814520692,3835,0,0,812402251,4572,0,0,832246227,4452,0,0,846073201,64,35764341.0,0.0,334233600.0,2717809894.0,84940832.0,83613394.0,34464825187.0,26167408138.0,64,2654259,0,0,0,2654371,0,0,0,2654195,0,0,0,2654242,0,0,0,2654375,0,0,0,2654438,0,0,0,2654719,0,0,0,2654298,0,0,0,2654071,0,0,0,2654286,0,0,0,2654262,0,0,0,2654537,0,0,0,2654159,0,0,0,2654320,0,0,0,2654267,0,0,0,2654187,0,0,0,2654298,0,0,0,2654238,0,0,0,2654096,0,0,0,2654220,0,0,0,2654264,0,0,0,2654147,0,0,0,2654241,0,0,0,2654239,0,0,0,2654330,0,0,0,2654095,0,0,0,2654390,0,0,0,2654228,0,0,0,2654216,0,0,0,2654162,0,0,0,2654098,0,0,0,2654149,0,0,0,64,11561065,0,0,11561048,0,0,11561152,0,0,11560932,0,0,11561054,0,0,11561017,0,0,11561140,0,0,11560960,0,0,11561086,0,0,11560917,0,0,11561074,0,0,11560914,0,0,11561050,0,0,11561041,0,0,11561124,0,0,11560960,0,0,11561032,0,0,11561108,0,0,11561114,0,0,11560939,0,0,11561062,0,0,11560920,0,0,11560998,0,0,11560961,0,0,11561059,0,0,11561033,0,0,11561081,0,0,11560905,0,0,11561043,0,0,11561067,0,0,11561136,0,0,11560916,0,0,64,2644495045,298739982,139699200,22848000,102572992,151450190,15993600,0,26190975614.0,10265884821.0,232279284653.0,35731456.0,0.0,2002696705.0,0,374314125,24103797,0.0,0.0,137214.0,0.0,64,5222400,0,0,326400,0,0,0,0,0.0,0.0,0.0,0.0,0.0,0.0,0,1958400,0.0,0.0,0.0,95.0,64,10444800,24156626,0,0,10444800,24156626,0,0,10444800,24156626,0,0,10444800,24156626,0,0,10444800,24156626,0,0,10444800,24156626,0,0,10444800,24156626,0,0,10444800,24156626,0,0,10444800,24156626,0,0,10444800,24156626,0,0,10444800,24156626,0,0,10444800,24156626,0,0,10444800,24156626,0,0,10444800,24156626,0,0,10444800,24156626,0,0,10444800,24156626,0,0,10444800,24156626,0,0,10444800,24156626,0,0,10444800,24156626,0,0,10444800,24156626,0,0,10444800,24156626,0,0,10444800,24156626,0,0,10444800,24156626,0,0,10444800,24156626,0,0,10444800,24156626,0,0,10444800,24156626,0,0,10444800,24156626,0,0,10444800,24156626,0,0,10444800,24156626,0,0,10444800,24156626,0,0,10444800,24156626,0,0,10444800,24156626,0,0,64,193430000,193277899,326400,2897501780,5566835278,0,288,0,24178749,24178749,2899466918.0,2844765295.0,387153.0,702925073.0,2701744341.0,22848000.0,2833234130.0,2774820863.0,193429992,193287429,24178749,0,24178749,1136,773719968.0,772929379.0,6.0,0.0,6350370287930224.0,6350370304392149.0
23,"void kernel_gemm_xdlops_v2r4r2_simplified<GridwiseGemm_bk0mk1_bk0nk1_mn_xdlops_v2r4r2, false, (InMemoryDataOperationEnum)1, BlockToCTileMap_3DGrid_KSplit, PassThrough, PassThrough, PassThrough>(GridwiseGemm_bk0mk1_bk0nk1_mn_xdlops_v2r4r2<256, _Float16, _Float16, float, _Float16, RowMajor, ColumnMajor, RowMajor, PassThrough, PassThrough, PassThrough, (GemmSpecialization)3, 1, 256, 128, 4, 32, 32, 8, 4, 2, Sequence, Sequence, Sequence, 3, 8, 8, false, true, Sequence, Sequence, Sequence, 3, 8, 8, false, true, 1, 1, 8, Sequence, (LoopScheduler)0, (PipelineVersion)0, _Float16, _Float16, _Float16, Argument, BlockToCTileMap_3DGrid_KSplit PassThrough, PassThrough, PassThrough) (kd)",2,20889600,256,25088,0,96,96,32,64,5875200,0,20889600,1958400,2284800,13708800,9692774400,50918400,0.0,0.0,334233600.0,0.0,0.0,0.0,0,0,0.0,84940807.0,0.0,2338.0,64,0,1075192820,2613001,2613001,0,1069348999,2613122,2613122,0,1073941283,2613191,2613191,0,1072594146,2612859,2612859,0,1075382283,2612923,2612923,0,1074152037,2612926,2612926,0,1090907138,2613071,2613071,0,1102480755,2612824,2612824,0,1072137867,2612778,2612778,0,1068904398,2613062,2613062,0,1066908204,2612943,2612943,0,1063086078,2612734,2612734,0,1074981253,2613016,2613016,0,1074060555,2612898,2612898,0,1088976975,2612964,2612964,0,1100544972,2613220,2613220,0,1063287660,2612962,2612962,0,1062467310,2613447,2613447,0,1066463866,2612674,2612674,0,1065625120,2613238,2613238,0,1074632793,2613118,2613118,0,1074208701,2612562,2612562,0,1091426298,2613366,2613366,0,1101377434,2612598,2612598,0,1063839806,2613281,2613281,0,1060123263,2612529,2612529,0,1068692008,2613100,2613100,0,1063582059,2612676,2612676,0,1075842043,2613059,2613059,0,1072278294,2613131,2613131,0,1088886224,2612660,2612660,0,1100966315,2612746,2612746,64,0,0,288,0,50918400,50918430,0,0,24166367,31331880.0,0.0,0.0,22848000.0,1958400.0,0.0,0.0,22848000.0,81600,326400,508,24179961,15144,0,288.0,1067.0,0.0,369989738.0,64,20889600,0,0,177561600,0,0,4569600,0.0,0.0,0.0,0.0,326400,0,83492380.0,120916.0,84681615.0,0.0,64,8906640,2654078,1115918,11560718,8909264,2654162,1118626,11563426,8906691,2654125,1116016,11560816,8909193,2654090,1118483,11563283,8906557,2654660,1116417,11561217,8909148,2654261,1118609,11563409,8906639,2654450,1116289,11561089,8909289,2654014,1118503,11563303,8906818,2653968,1115986,11560786,8909080,2654217,1118497,11563297,8906602,2654235,1116037,11560837,8909229,2654055,1118484,11563284,8906724,2654048,1115972,11560772,8909326,2654089,1118615,11563415,8906794,2654063,1116057,11560857,8909235,2654076,1118511,11563311,8906871,2654194,1116265,11561065,8909319,2654084,1118603,11563403,8906850,2653980,1116030,11560830,8909229,2654076,1118505,11563305,8906559,2654188,1115947,11560747,8909208,2654095,1118503,11563303,8906582,2654178,1115960,11560760,8909200,2654072,1118472,11563272,8906546,2654205,1115951,11560751,8909403,2654038,1118641,11563441,8906705,2654109,1116014,11560814,8909253,2654052,1118505,11563305,8906678,2654084,1115962,11560762,8909382,2654046,1118628,11563428,8906843,2654008,1116051,11560851,8909276,2654191,1118667,11563467,64,0,52876800,0,0,0,326400,258508800,2625127523,1938701.0,394667752.0,0.0,396898536.0,348704608.0,22848000.0,0,1489011378,0,64433,83617235.0,83617235.0,0.0,141061.0,64,134987,0,0,2284800,2280500,288,4012,1305600,1462272000.0,1462272000.0,125337600.0,0.0,20889600.0,365568000.0,20889600.0,0.0,47794804,23083165,51438,6317,0,24172738,370002414.0,0.0,285065166.0,84937248.0,64,0.0,64,326400,652800,20889600,1958400,22848000,13708800,0,2284800,0.0,1336934400.0,360.0,396898536.0,0.0,0.0,25270733,0,6761,24169967,1175,35754359.0,0.0,334233600.0,83613558.0,64,3185,0,0,815688757,3268,0,0,813077632,3321,0,0,812867256,2736,0,0,814201419,3567,0,0,812973332,2401,0,0,813867076,3441,0,0,834884503,2594,0,0,846687941,3286,0,0,811702264,3068,0,0,812021096,3385,0,0,806351818,3204,0,0,806497008,3127,0,0,815059868,2704,0,0,813835639,3858,0,0,830589224,2642,0,0,845984507,3142,0,0,805099012,2991,0,0,805338786,3551,0,0,805662378,2936,0,0,809413401,3548,0,0,814737619,2904,0,0,814810965,3437,0,0,828790071,2757,0,0,843128441,3358,0,0,803893230,2958,0,0,801149952,3509,0,0,808176593,3166,0,0,808527995,3716,0,0,817503648,2850,0,0,812464880,3816,0,0,830850730,3329,0,0,845928470,64,35754367.0,0.0,334233600.0,2715362176.0,84937750.0,83615896.0,34449913312.0,26156862247.0,64,2654366,0,0,0,2654302,0,0,0,2654320,0,0,0,2654202,0,0,0,2654423,0,0,0,2654308,0,0,0,2654765,0,0,0,2654189,0,0,0,2654204,0,0,0,2654198,0,0,0,2654408,0,0,0,2654566,0,0,0,2654331,0,0,0,2654220,0,0,0,2654358,0,0,0,2654186,0,0,0,2654309,0,0,0,2654180,0,0,0,2654190,0,0,0,2654169,0,0,0,2654350,0,0,0,2654155,0,0,0,2654393,0,0,0,2654192,0,0,0,2654416,0,0,0,2654110,0,0,0,2654425,0,0,0,2654093,0,0,0,2654333,0,0,0,2654146,0,0,0,2654229,0,0,0,2654073,0,0,0,64,11561527,0,0,11562483,0,0,11561662,0,0,11562294,0,0,11561585,0,0,11562388,0,0,11561657,0,0,11562340,0,0,11561564,0,0,11562328,0,0,11561579,0,0,11562358,0,0,11561575,0,0,11562443,0,0,11561610,0,0,11562341,0,0,11561567,0,0,11562439,0,0,11561668,0,0,11562340,0,0,11561573,0,0,11562327,0,0,11561563,0,0,11562300,0,0,11561535,0,0,11562470,0,0,11561580,0,0,11562331,0,0,11561558,0,0,11562479,0,0,11561640,0,0,11562330,0,0,64,2644268989,298741864,139699200,22848000,102574817,151450247,15993600,0,26181386633.0,10280431473.0,232167893695.0,35740040.0,0.0,2001325799.0,0,373816560,24099824,0.0,0.0,116657.0,0.0,64,5222400,0,0,326400,0,0,0,0,0.0,0.0,0.0,0.0,0.0,0.0,0,1958400,0.0,0.0,0.0,4.0,64,10444800,24174887,0,0,10444800,24174887,0,0,10444800,24174887,0,0,10444800,24174887,0,0,10444800,24174887,0,0,10444800,24174887,0,0,10444800,24174887,0,0,10444800,24174887,0,0,10444800,24174887,0,0,10444800,24174887,0,0,10444800,24174887,0,0,10444800,24174887,0,0,10444800,24174887,0,0,10444800,24174887,0,0,10444800,24174887,0,0,10444800,24174887,0,0,10444800,24174887,0,0,10444800,24174887,0,0,10444800,24174887,0,0,10444800,24174887,0,0,10444800,24174887,0,0,10444800,24174887,0,0,10444800,24174887,0,0,10444800,24174887,0,0,10444800,24174887,0,0,10444800,24174887,0,0,10444800,24174887,0,0,10444800,24174887,0,0,10444800,24174887,0,0,10444800,24174887,0,0,10444800,24174887,0,0,10444800,24174887,0,0,64,193420760,193268783,326400,2897484373,5570419606,0,288,0,24177594,24177594,2899329982.0,2845286227.0,386496.0,704521708.0,2702991179.0,22848000.0,2833829938.0,2775442426.0,193420752,193278055,24177594,0,24177594,1138,773683008.0,772943249.0,6.0,0.0,6350370304391925.0,6350370320848731.0
24,"void kernel_gemm_xdlops_v2r4r2_simplified<GridwiseGemm_bk0mk1_bk0nk1_mn_xdlops_v2r4r2, false, (InMemoryDataOperationEnum)1, BlockToCTileMap_3DGrid_KSplit, PassThrough, PassThrough, PassThrough>(GridwiseGemm_bk0mk1_bk0nk1_mn_xdlops_v2r4r2<256, _Float16, _Float16, float, _Float16, RowMajor, ColumnMajor, RowMajor, PassThrough, PassThrough, PassThrough, (GemmSpecialization)3, 1, 256, 128, 4, 32, 32, 8, 4, 2, Sequence, Sequence, Sequence, 3, 8, 8, false, true, Sequence, Sequence, Sequence, 3, 8, 8, false, true, 1, 1, 8, Sequence, (LoopScheduler)0, (PipelineVersion)0, _Float16, _Float16, _Float16, Argument, BlockToCTileMap_3DGrid_KSplit PassThrough, PassThrough, PassThrough) (kd)",2,20889600,256,25088,0,96,96,32,64,5875200,0,20889600,1958400,2284800,13708800,9692774400,50918400,0.0,0.0,334233600.0,0.0,0.0,0.0,0,0,0.0,84939025.0,0.0,1950.0,64,0,1073536857,2612917,2612917,0,1071320309,2613125,2613125,0,1073748452,2613021,2613021,0,1072743399,2612763,2612763,0,1075090787,2612786,2612786,0,1073485181,2612808,2612808,0,1090626593,2612922,2612922,0,1101166444,2612608,2612608,0,1073487770,2612650,2612650,0,1070148553,2613017,2613017,0,1067405492,2612857,2612857,0,1065241957,2612819,2612819,0,1074889850,2612975,2612975,0,1074277256,2612852,2612852,0,1087633402,2612657,2612657,0,1103842461,2613293,2613293,0,1064755912,2612680,2612680,0,1065852154,2613452,2613452,0,1063590017,2612557,2612557,0,1068023231,2613055,2613055,0,1073214032,2613114,2613114,0,1073014055,2612622,2612622,0,1089272491,2613204,2613204,0,1102111511,2612728,2612728,0,1066235265,2612995,2612995,0,1059853761,2612494,2612494,0,1066607349,2612989,2612989,0,1065191893,2612618,2612618,0,1075834617,2612901,2612901,0,1072271394,2612981,2612981,0,1088885934,2612597,2612597,0,1102179183,2612576,2612576,64,0,0,288,0,50918400,50918417,0,0,24175322,31331880.0,0.0,0.0,22848000.0,1958400.0,0.0,0.0,22848000.0,81600,326400,429,24187965,14610,0,288.0,1158.0,0.0,369939339.0,64,20889600,0,0,177561600,0,0,4569600,0.0,0.0,0.0,0.0,326400,0,83493285.0,121078.0,84678607.0,0.0,64,8909625,2654554,1119379,11564179,8909303,2654346,1118849,11563649,8909802,2654449,1119451,11564251,8909197,2654303,1118700,11563500,8909491,2655176,1119867,11564667,8909145,2654408,1118753,11563553,8909515,2654957,1119672,11564472,8909390,2654146,1118736,11563536,8909680,2654454,1119334,11564134,8909145,2654385,1118730,11563530,8909649,2654613,1119462,11564262,8909289,2654228,1118717,11563517,8909641,2654522,1119363,11564163,8909352,2654293,1118845,11563645,8909780,2654478,1119458,11564258,8909282,2654216,1118698,11563498,8909828,2654596,1119624,11564424,8909382,2654252,1118834,11563634,8909963,2654282,1119445,11564245,8909298,2654244,1118742,11563542,8909498,2654697,1119395,11564195,8909234,2654270,1118704,11563504,8909682,2654487,1119369,11564169,8909246,2654237,1118683,11563483,8909516,2654623,1119339,11564139,8909423,2654221,1118844,11563644,8909640,2654561,1119401,11564201,8909348,2654167,1118715,11563515,8909625,2654538,1119363,11564163,8909424,2654206,1118830,11563630,8909872,2654361,1119433,11564233,8909362,2654395,1118957,11563757,64,0,52876800,0,0,0,326400,258508800,2622346740,1938397.0,394668441.0,0.0,396898536.0,347878230.0,22848000.0,0,1454595361,0,68243,83613510.0,83613510.0,0.0,118498.0,64,127758,0,0,2284800,2280788,288,3724,1305600,1462272000.0,1462272000.0,125337600.0,0.0,20889600.0,365568000.0,20889600.0,0.0,47773438,23411050,49927,5393,0,24154297,369997195.0,0.0,285062105.0,84935090.0,64,0.0,64,326400,652800,20889600,1958400,22848000,13708800,0,2284800,0.0,1336934400.0,360.0,396898536.0,0.0,0.0,25067165,0,6286,24183569,1149,35761428.0,0.0,334233600.0,83615986.0,64,4523,0,0,815830183,3790,0,0,812524452,4240,0,0,817607211,3946,0,0,815617492,4832,0,0,816541294,4123,0,0,814469556,3851,0,0,833510972,4095,0,0,843764567,4722,0,0,813888867,4019,0,0,813254642,3958,0,0,808142748,4261,0,0,805966496,4775,0,0,813253002,4053,0,0,812743023,4234,0,0,831321491,4329,0,0,847995331,4985,0,0,804672043,3957,0,0,801680908,4243,0,0,805850545,4793,0,0,809285825,4381,0,0,815874810,3924,0,0,814506176,3961,0,0,831842666,4032,0,0,846935828,4715,0,0,805514296,3789,0,0,804860683,3958,0,0,808121352,4048,0,0,808366980,4937,0,0,818711937,3552,0,0,811734168,3766,0,0,834336796,4373,0,0,846230230,64,35766008.0,0.0,334233600.0,2716546049.0,84938522.0,83616151.0,34460643620.0,26171502370.0,64,2654310,0,0,0,2654359,0,0,0,2654206,0,0,0,2654286,0,0,0,2654379,0,0,0,2654456,0,0,0,2654598,0,0,0,2654228,0,0,0,2654222,0,0,0,2654288,0,0,0,2654238,0,0,0,2654605,0,0,0,2654217,0,0,0,2654204,0,0,0,2654223,0,0,0,2654181,0,0,0,2654338,0,0,0,2654164,0,0,0,2654118,0,0,0,2654205,0,0,0,2654297,0,0,0,2654195,0,0,0,2654217,0,0,0,2654221,0,0,0,2654415,0,0,0,2654221,0,0,0,2654205,0,0,0,2654112,0,0,0,2654390,0,0,0,2654194,0,0,0,2654114,0,0,0,2654153,0,0,0,64,11563203,0,0,11561081,0,0,11563228,0,0,11561025,0,0,11563175,0,0,11561067,0,0,11563309,0,0,11560957,0,0,11563185,0,0,11560990,0,0,11563173,0,0,11560989,0,0,11563183,0,0,11561122,0,0,11563286,0,0,11560975,0,0,11563179,0,0,11561084,0,0,11563252,0,0,11560979,0,0,11563215,0,0,11560976,0,0,11563241,0,0,11560932,0,0,11563193,0,0,11561109,0,0,11563251,0,0,11560952,0,0,11563226,0,0,11561119,0,0,11563268,0,0,11560981,0,0,64,2643024102,298741429,139699200,22848000,102574447,151450182,15993600,0,26191980605.0,10269329900.0,232370692558.0,35731150.0,0.0,2002064928.0,0,371027325,24101396,0.0,0.0,143362.0,0.0,64,5222400,0,0,326400,0,0,0,0,0.0,0.0,0.0,0.0,0.0,0.0,0,1958400,0.0,0.0,0.0,3.0,64,10444800,24167040,0,0,10444800,24167040,0,0,10444800,24167040,0,0,10444800,24167040,0,0,10444800,24167040,0,0,10444800,24167040,0,0,10444800,24167040,0,0,10444800,24167040,0,0,10444800,24167040,0,0,10444800,24167040,0,0,10444800,24167040,0,0,10444800,24167040,0,0,10444800,24167040,0,0,10444800,24167040,0,0,10444800,24167040,0,0,10444800,24167040,0,0,10444800,24167040,0,0,10444800,24167040,0,0,10444800,24167040,0,0,10444800,24167040,0,0,10444800,24167040,0,0,10444800,24167040,0,0,10444800,24167040,0,0,10444800,24167040,0,0,10444800,24167040,0,0,10444800,24167040,0,0,10444800,24167040,0,0,10444800,24167040,0,0,10444800,24167040,0,0,10444800,24167040,0,0,10444800,24167040,0,0,10444800,24167040,0,0,64,193336624,193186464,326400,2896176615,5564919808,0,288,0,24167077,24167077,2898095318.0,2843704098.0,386135.0,702107121.0,2700866747.0,22848000.0,2832216097.0,2773820399.0,193336616,193195991,24167077,0,24167077,1155,773346464.0,772597026.0,6.0,0.0,6350370320848731.0,6350370337305537.0
25,"void kernel_gemm_xdlops_v2r4r2_simplified<GridwiseGemm_bk0mk1_bk0nk1_mn_xdlops_v2r4r2, false, (InMemoryDataOperationEnum)1, BlockToCTileMap_3DGrid_KSplit, PassThrough, PassThrough, PassThrough>(GridwiseGemm_bk0mk1_bk0nk1_mn_xdlops_v2r4r2<256, _Float16, _Float16, float, _Float16, RowMajor, ColumnMajor, RowMajor, PassThrough, PassThrough, PassThrough, (GemmSpecialization)3, 1, 256, 128, 4, 32, 32, 8, 4, 2, Sequence, Sequence, Sequence, 3, 8, 8, false, true, Sequence, Sequence, Sequence, 3, 8, 8, false, true, 1, 1, 8, Sequence, (LoopScheduler)0, (PipelineVersion)0, _Float16, _Float16, _Float16, Argument, BlockToCTileMap_3DGrid_KSplit PassThrough, PassThrough, PassThrough) (kd)",2,20889600,256,25088,0,96,96,32,64,5875200,0,20889600,1958400,2284800,13708800,9692774400,50918400,0.0,0.0,334233600.0,0.0,0.0,0.0,0,0,0.0,84936324.0,0.0,1922.0,64,0,1075184745,2613081,2613081,0,1069298759,2613238,2613238,0,1071572963,2612927,2612927,0,1072004043,2612828,2612828,0,1077065125,2612907,2612907,0,1073963488,2612928,2612928,0,1091710563,2613142,2613142,0,1101398190,2612737,2612737,0,1072123147,2612744,2612744,0,1070794578,2613054,2613054,0,1068255187,2612950,2612950,0,1065016396,2613023,2613023,0,1073932128,2613096,2613096,0,1074043548,2612940,2612940,0,1088238004,2612936,2612936,0,1100572759,2613353,2613353,0,1064817314,2612903,2612903,0,1065889760,2613599,2613599,0,1065277287,2612717,2612717,0,1066248906,2613106,2613106,0,1074835870,2613102,2613102,0,1072381974,2612714,2612714,0,1087651509,2613220,2613220,0,1105135758,2612778,2612778,0,1068597011,2613358,2613358,0,1062362489,2612512,2612512,0,1066844588,2613057,2613057,0,1065877498,2612725,2612725,0,1079369131,2613114,2613114,0,1071873823,2613174,2613174,0,1087113986,2612644,2612644,0,1104007394,2612750,2612750,64,0,0,288,0,50918400,50918426,0,0,24161884,31331880.0,0.0,0.0,22848000.0,1958400.0,0.0,0.0,22848000.0,81600,326400,509,24175886,15013,0,288.0,998.0,0.0,369993082.0,64,20889600,0,0,177561600,0,0,4569600,0.0,0.0,0.0,0.0,326400,0,83486802.0,124102.0,84674417.0,0.0,64,8908890,2654161,1118251,11563051,8908535,2654128,1117863,11562663,8909016,2654137,1118353,11563153,8908323,2654158,1117681,11562481,8908822,2654680,1118702,11563502,8908300,2654247,1117747,11562547,8908733,2654586,1118519,11563319,8908467,2654118,1117785,11562585,8908947,2654061,1118208,11563008,8908405,2654110,1117715,11562515,8908860,2654232,1118292,11563092,8908318,2654170,1117688,11562488,8908847,2654198,1118245,11563045,8908572,2654071,1117843,11562643,8908945,2654154,1118299,11563099,8908468,2654073,1117741,11562541,8908806,2654208,1118214,11563014,8908573,2654099,1117872,11562672,8909051,2654050,1118301,11563101,8908465,2654091,1117756,11562556,8908806,2654226,1118232,11563032,8908546,2653980,1117726,11562526,8909071,2654239,1118510,11563310,8908312,2654204,1117716,11562516,8908717,2654298,1118215,11563015,8908690,2653996,1117886,11562686,8908830,2654203,1118233,11563033,8908412,2654148,1117760,11562560,8908882,2654174,1118256,11563056,8908574,2654029,1117803,11562603,8909060,2654051,1118311,11563111,8908489,2654256,1117945,11562745,64,0,52876800,0,0,0,326400,258508800,2623864899,1937462.0,394669687.0,0.0,396898536.0,348008611.0,22848000.0,0,1439478388,0,66834,83615288.0,83615288.0,0.0,137576.0,64,136361,0,0,2284800,2280678,288,3834,1305600,1462272000.0,1462272000.0,125337600.0,0.0,20889600.0,365568000.0,20889600.0,0.0,47761958,23121176,51028,5463,0,24145590,370010194.0,0.0,285073791.0,84936403.0,64,0.0,64,326400,652800,20889600,1958400,22848000,13708800,0,2284800,0.0,1336934400.0,360.0,396898536.0,0.0,0.0,25220414,0,5746,24179166,1162,35713459.0,0.0,334233600.0,83612823.0,64,4632,0,0,809742214,3267,0,0,813894493,3635,0,0,816695294,4404,0,0,815932747,4302,0,0,811398460,3001,0,0,813840308,3405,0,0,833257317,3925,0,0,845599165,4252,0,0,812993899,3372,0,0,808361075,3865,0,0,811022597,3752,0,0,808670275,4076,0,0,810998496,3132,0,0,811906324,4048,0,0,828218580,3824,0,0,845748440,3935,0,0,803394624,3192,0,0,800002163,4046,0,0,806942061,3848,0,0,808413134,4369,0,0,814299160,3678,0,0,810320194,3671,0,0,831564857,4370,0,0,845220064,3904,0,0,802174716,3050,0,0,803381576,3498,0,0,807159229,3772,0,0,808462332,4413,0,0,809804249,3140,0,0,812833921,3914,0,0,835498943,4373,0,0,846729796,64,35805063.0,0.0,334233600.0,2717483567.0,84937630.0,83615473.0,34459797469.0,26164327113.0,64,2654308,0,0,0,2654400,0,0,0,2654167,0,0,0,2654270,0,0,0,2654365,0,0,0,2654436,0,0,0,2654788,0,0,0,2654156,0,0,0,2654103,0,0,0,2654299,0,0,0,2654347,0,0,0,2654706,0,0,0,2654325,0,0,0,2654296,0,0,0,2654307,0,0,0,2654264,0,0,0,2654426,0,0,0,2654223,0,0,0,2654167,0,0,0,2654246,0,0,0,2654291,0,0,0,2654196,0,0,0,2654301,0,0,0,2654258,0,0,0,2654427,0,0,0,2654137,0,0,0,2654338,0,0,0,2654174,0,0,0,2654375,0,0,0,2654234,0,0,0,2654145,0,0,0,2654161,0,0,0,64,11563251,0,0,11560930,0,0,11563357,0,0,11560783,0,0,11563271,0,0,11560864,0,0,11563364,0,0,11560765,0,0,11563265,0,0,11560774,0,0,11563297,0,0,11560778,0,0,11563269,0,0,11560928,0,0,11563325,0,0,11560765,0,0,11563231,0,0,11560885,0,0,11563360,0,0,11560762,0,0,11563266,0,0,11560746,0,0,11563237,0,0,11560765,0,0,11563217,0,0,11560929,0,0,11563318,0,0,11560780,0,0,11563285,0,0,11560880,0,0,11563346,0,0,11560751,0,0,64,2648620157,298742038,139699200,22848000,102574996,151450242,15993600,0,26213687881.0,10280574146.0,232458607088.0,35729652.0,0.0,2004306873.0,0,376272360,24120297,0.0,0.0,129027.0,0.0,64,5222400,0,0,326400,0,0,0,0,0.0,0.0,0.0,0.0,0.0,0.0,0,1958400,0.0,0.0,0.0,72.0,64,10444800,24177410,0,0,10444800,24177410,0,0,10444800,24177410,0,0,10444800,24177410,0,0,10444800,24177410,0,0,10444800,24177410,0,0,10444800,24177410,0,0,10444800,24177410,0,0,10444800,24177410,0,0,10444800,24177410,0,0,10444800,24177410,0,0,10444800,24177410,0,0,10444800,24177410,0,0,10444800,24177410,0,0,10444800,24177410,0,0,10444800,24177410,0,0,10444800,24177410,0,0,10444800,24177410,0,0,10444800,24177410,0,0,10444800,24177410,0,0,10444800,24177410,0,0,10444800,24177410,0,0,10444800,24177410,0,0,10444800,24177410,0,0,10444800,24177410,0,0,10444800,24177410,0,0,10444800,24177410,0,0,10444800,24177410,0,0,10444800,24177410,0,0,10444800,24177410,0,0,10444800,24177410,0,0,10444800,24177410,0,0,64,193413448,193265417,326400,2897209007,5565845262,0,288,0,24176680,24176680,2899279282.0,2844452464.0,387307.0,702719492.0,2701237239.0,22848000.0,2832903323.0,2774485624.0,193413440,193274675,24176680,0,24176680,1146,773653760.0,772868050.0,6.0,0.0,6350370337305537.0,6350370353765381.0
26,"void kernel_gemm_xdlops_v2r4r2_simplified<GridwiseGemm_bk0mk1_bk0nk1_mn_xdlops_v2r4r2, false, (InMemoryDataOperationEnum)1, BlockToCTileMap_3DGrid_KSplit, PassThrough, PassThrough, PassThrough>(GridwiseGemm_bk0mk1_bk0nk1_mn_xdlops_v2r4r2<256, _Float16, _Float16, float, _Float16, RowMajor, ColumnMajor, RowMajor, PassThrough, PassThrough, PassThrough, (GemmSpecialization)3, 1, 256, 128, 4, 32, 32, 8, 4, 2, Sequence, Sequence, Sequence, 3, 8, 8, false, true, Sequence, Sequence, Sequence, 3, 8, 8, false, true, 1, 1, 8, Sequence, (LoopScheduler)0, (PipelineVersion)0, _Float16, _Float16, _Float16, Argument, BlockToCTileMap_3DGrid_KSplit PassThrough, PassThrough, PassThrough) (kd)",2,20889600,256,25088,0,96,96,32,64,5875200,0,20889600,1958400,2284800,13708800,9692774400,50918400,0.0,0.0,334233600.0,0.0,0.0,0.0,0,0,0.0,84939151.0,0.0,2270.0,64,0,1073342662,2613192,2613192,0,1072847844,2613297,2613297,0,1070257332,2613208,2613208,0,1070934464,2612933,2612933,0,1075952413,2613076,2613076,0,1073383390,2612977,2612977,0,1091617929,2613096,2613096,0,1102477683,2612809,2612809,0,1072344200,2612827,2612827,0,1070425619,2613129,2613129,0,1067902372,2612896,2612896,0,1064830409,2613031,2613031,0,1074096694,2613092,2613092,0,1073036867,2612974,2612974,0,1087401382,2612976,2612976,0,1100750674,2613394,2613394,0,1062710016,2612941,2612941,0,1066113031,2613685,2613685,0,1065121253,2612658,2612658,0,1064636502,2613244,2613244,0,1075203154,2613220,2613220,0,1073294357,2612546,2612546,0,1087478359,2613326,2613326,0,1103270076,2612909,2612909,0,1065660170,2613346,2613346,0,1062928704,2612479,2612479,0,1064824142,2613086,2613086,0,1064976611,2612773,2612773,0,1076125941,2613214,2613214,0,1074852995,2613166,2613166,0,1087891468,2612734,2612734,0,1100974693,2612824,2612824,64,0,0,288,0,50918400,50918420,0,0,24155868,31331880.0,0.0,0.0,22848000.0,1958400.0,0.0,0.0,22848000.0,81600,326400,429,24168669,14747,0,288.0,1019.0,0.0,370024809.0,64,20889600,0,0,177561600,0,0,4569600,0.0,0.0,0.0,0.0,326400,0,83494215.0,122205.0,84682209.0,0.0,64,8907652,2654514,1117366,11562166,8905997,2654672,1115869,11560669,8907797,2654420,1117417,11562217,8906061,2654483,1115744,11560544,8907634,2655033,1117867,11562667,8905731,2654862,1115793,11560593,8907493,2654939,1117632,11562432,8906185,2654368,1115753,11560553,8907815,2654338,1117353,11562153,8906029,2654498,1115727,11560527,8907702,2654557,1117459,11562259,8906154,2654340,1115694,11560494,8907706,2654465,1117371,11562171,8906091,2654547,1115838,11560638,8907625,2654578,1117403,11562203,8906160,2654410,1115770,11560570,8907605,2654578,1117383,11562183,8906232,2654410,1115842,11560642,8907884,2654327,1117411,11562211,8906141,2654440,1115781,11560581,8907659,2654526,1117385,11562185,8906145,2654400,1115745,11560545,8907910,2654498,1117608,11562408,8906129,2654446,1115775,11560575,8907537,2654623,1117360,11562160,8906211,2654436,1115847,11560647,8907658,2654584,1117442,11562242,8905999,2654511,1115710,11560510,8907706,2654447,1117353,11562153,8906281,2654392,1115873,11560673,8907872,2654389,1117461,11562261,8906182,2654539,1115921,11560721,64,0,52876800,0,0,0,326400,258508800,2624909484,1940294.0,394666804.0,0.0,396898536.0,348588090.0,22848000.0,0,1436362178,0,65798,83616077.0,83616077.0,0.0,127443.0,64,135228,0,0,2284800,2280735,288,3777,1305600,1462272000.0,1462272000.0,125337600.0,0.0,20889600.0,365568000.0,20889600.0,0.0,47781929,22960157,50016,5696,0,24158655,369980400.0,0.0,285044370.0,84936030.0,64,0.0,64,326400,652800,20889600,1958400,22848000,13708800,0,2284800,0.0,1336934400.0,360.0,396898536.0,0.0,0.0,25224439,0,5765,24171976,1152,35742033.0,0.0,334233600.0,83615680.0,64,4226,0,0,813790535,4005,0,0,814139347,4823,0,0,814960429,4280,0,0,813280979,5095,0,0,815512685,4219,0,0,816296981,4860,0,0,833036154,4357,0,0,846210930,4404,0,0,814184359,3923,0,0,809411220,4470,0,0,811597167,4075,0,0,810617550,4673,0,0,814950997,4165,0,0,813069743,4244,0,0,830526393,4719,0,0,845311820,4718,0,0,802815190,4387,0,0,804286083,4682,0,0,806045455,4210,0,0,810316527,4298,0,0,813885070,3922,0,0,814050697,5294,0,0,832247289,4095,0,0,845682124,4490,0,0,804619746,4739,0,0,803762446,4544,0,0,808279804,4279,0,0,807121584,4706,0,0,815404642,3982,0,0,815529232,4862,0,0,834764148,4494,0,0,845109387,64,35789117.0,0.0,334233600.0,2715645156.0,84934418.0,83615467.0,34449094770.0,26150559078.0,64,2654268,0,0,0,2654392,0,0,0,2654255,0,0,0,2654382,0,0,0,2654382,0,0,0,2654476,0,0,0,2654727,0,0,0,2654402,0,0,0,2654138,0,0,0,2654358,0,0,0,2654420,0,0,0,2654635,0,0,0,2654201,0,0,0,2654254,0,0,0,2654321,0,0,0,2654247,0,0,0,2654221,0,0,0,2654308,0,0,0,2654191,0,0,0,2654287,0,0,0,2654346,0,0,0,2654229,0,0,0,2654399,0,0,0,2654288,0,0,0,2654401,0,0,0,2654225,0,0,0,2654329,0,0,0,2654261,0,0,0,2654284,0,0,0,2654205,0,0,0,2654188,0,0,0,2654179,0,0,0,64,11561183,0,0,11563328,0,0,11561302,0,0,11563212,0,0,11561230,0,0,11563276,0,0,11561349,0,0,11563163,0,0,11561213,0,0,11563194,0,0,11561211,0,0,11563180,0,0,11561217,0,0,11563326,0,0,11561297,0,0,11563213,0,0,11561227,0,0,11563357,0,0,11561310,0,0,11563194,0,0,11561214,0,0,11563188,0,0,11561245,0,0,11563219,0,0,11561250,0,0,11563322,0,0,11561260,0,0,11563198,0,0,11561245,0,0,11563366,0,0,11561334,0,0,11563191,0,0,64,2642148376,298740835,139699200,22848000,102573830,151450205,15993600,0,26193293389.0,10280035177.0,232284117843.0,35752717.0,0.0,2001820658.0,0,368451840,24109850,0.0,0.0,136154.0,0.0,64,5222400,0,0,326400,0,0,0,0,0.0,0.0,0.0,0.0,0.0,0.0,0,1958400,0.0,0.0,0.0,2.0,64,10444800,24180504,0,0,10444800,24180504,0,0,10444800,24180504,0,0,10444800,24180504,0,0,10444800,24180504,0,0,10444800,24180504,0,0,10444800,24180504,0,0,10444800,24180504,0,0,10444800,24180504,0,0,10444800,24180504,0,0,10444800,24180504,0,0,10444800,24180504,0,0,10444800,24180504,0,0,10444800,24180504,0,0,10444800,24180504,0,0,10444800,24180504,0,0,10444800,24180504,0,0,10444800,24180504,0,0,10444800,24180504,0,0,10444800,24180504,0,0,10444800,24180504,0,0,10444800,24180504,0,0,10444800,24180504,0,0,10444800,24180504,0,0,10444800,24180504,0,0,10444800,24180504,0,0,10444800,24180504,0,0,10444800,24180504,0,0,10444800,24180504,0,0,10444800,24180504,0,0,10444800,24180504,0,0,10444800,24180504,0,0,64,193259160,193111227,326400,2894986176,5572030066,0,288,0,24157394,24157394,2896967018.0,2843194232.0,388499.0,700534884.0,2701849529.0,22848000.0,2831791781.0,2773422437.0,193259152,193120765,24157394,0,24157394,1155,773036608.0,772255411.0,6.0,0.0,6350370353765381.0,6350370370230671.0
27,"void kernel_gemm_xdlops_v2r4r2_simplified<GridwiseGemm_bk0mk1_bk0nk1_mn_xdlops_v2r4r2, false, (InMemoryDataOperationEnum)1, BlockToCTileMap_3DGrid_KSplit, PassThrough, PassThrough, PassThrough>(GridwiseGemm_bk0mk1_bk0nk1_mn_xdlops_v2r4r2<256, _Float16, _Float16, float, _Float16, RowMajor, ColumnMajor, RowMajor, PassThrough, PassThrough, PassThrough, (GemmSpecialization)3, 1, 256, 128, 4, 32, 32, 8, 4, 2, Sequence, Sequence, Sequence, 3, 8, 8, false, true, Sequence, Sequence, Sequence, 3, 8, 8, false, true, 1, 1, 8, Sequence, (LoopScheduler)0, (PipelineVersion)0, _Float16, _Float16, _Float16, Argument, BlockToCTileMap_3DGrid_KSplit PassThrough, PassThrough, PassThrough) (kd)",2,20889600,256,25088,0,96,96,32,64,5875200,0,20889600,1958400,2284800,13708800,9692774400,50918400,0.0,0.0,334233600.0,0.0,0.0,0.0,0,0,0.0,84940470.0,0.0,2152.0,64,0,1075726584,2613096,2613096,0,1072118499,2613124,2613124,0,1071343268,2613065,2613065,0,1074645421,2612829,2612829,0,1078028800,2612918,2612918,0,1074172699,2612961,2612961,0,1093149240,2613164,2613164,0,1100528833,2612640,2612640,0,1072069865,2612823,2612823,0,1069974421,2612885,2612885,0,1069072805,2612993,2612993,0,1065225787,2612837,2612837,0,1076483267,2612995,2612995,0,1070722510,2612934,2612934,0,1091218064,2612935,2612935,0,1099930054,2613206,2613206,0,1065852129,2612972,2612972,0,1063301457,2613537,2613537,0,1065926719,2612695,2612695,0,1067326584,2613255,2613255,0,1075238224,2613071,2613071,0,1074092456,2612691,2612691,0,1088117077,2613339,2613339,0,1101582311,2612775,2612775,0,1065963707,2613263,2613263,0,1059652582,2612571,2612571,0,1067566959,2613075,2613075,0,1065737290,2612738,2612738,0,1076753689,2613214,2613214,0,1074226974,2612984,2612984,0,1089732514,2612597,2612597,0,1103010591,2612703,2612703,64,0,0,288,0,50918400,50918413,0,0,24145884,31331880.0,0.0,0.0,22848000.0,1958400.0,0.0,0.0,22848000.0,81600,326400,509,24159398,14937,0,288.0,1109.0,0.0,369968304.0,64,20889600,0,0,177561600,0,0,4569600,0.0,0.0,0.0,0.0,326400,0,83489856.0,126032.0,84682463.0,0.0,64,8905014,2654316,1114530,11559330,8907633,2654196,1117029,11561829,8905196,2654184,1114580,11559380,8907478,2654234,1116912,11561712,8904940,2654778,1114918,11559718,8907438,2654305,1116943,11561743,8904844,2654822,1114866,11559666,8907604,2654096,1116900,11561700,8905176,2654117,1114493,11559293,8907523,2654182,1116905,11561705,8905286,2654428,1114914,11559714,8907560,2654102,1116862,11561662,8905051,2654275,1114526,11559326,8907719,2654090,1117009,11561809,8904985,2654385,1114570,11559370,8907577,2654126,1116903,11561703,8904935,2654401,1114536,11559336,8907718,2654056,1116974,11561774,8905199,2654194,1114593,11559393,8907563,2654173,1116936,11561736,8904979,2654378,1114557,11559357,8907573,2654139,1116912,11561712,8905007,2654335,1114542,11559342,8907544,2654125,1116869,11561669,8904857,2654448,1114505,11559305,8907736,2654058,1116994,11561794,8905011,2654327,1114538,11559338,8907521,2654165,1116886,11561686,8904925,2654370,1114495,11559295,8907812,2654017,1117029,11561829,8905215,2654173,1114588,11559388,8907579,2654369,1117148,11561948,64,0,52876800,0,0,0,326400,258508800,2624203598,1937853.0,394668862.0,0.0,396898536.0,349110437.0,22848000.0,0,1477139547,0,67903,83615859.0,83615859.0,0.0,128945.0,64,138318,0,0,2284800,2280788,288,3724,1305600,1462272000.0,1462272000.0,125337600.0,0.0,20889600.0,365568000.0,20889600.0,0.0,47803505,23037596,51303,5424,0,24164620,370027992.0,0.0,285092639.0,84935353.0,64,0.0,64,326400,652800,20889600,1958400,22848000,13708800,0,2284800,0.0,1336934400.0,360.0,396898536.0,0.0,0.0,25154078,0,5782,24181738,1547,35823353.0,0.0,334233600.0,83615948.0,64,3993,0,0,813661225,4332,0,0,814932919,4429,0,0,813995654,3249,0,0,816053460,4190,0,0,811520153,3681,0,0,812012592,3917,0,0,833985131,3866,0,0,844584994,4094,0,0,811101744,3407,0,0,811214573,3998,0,0,810649748,3605,0,0,806415295,3839,0,0,814139521,4384,0,0,816729812,4654,0,0,831515860,3939,0,0,847393187,3773,0,0,803782097,4401,0,0,803987669,4479,0,0,807812205,3362,0,0,809160716,4526,0,0,811578698,3636,0,0,812540887,4018,0,0,831139533,3283,0,0,845565768,4100,0,0,801696859,3553,0,0,800726881,4401,0,0,806322286,3634,0,0,808004628,3887,0,0,815652792,3761,0,0,813918426,5122,0,0,832359877,3747,0,0,848660406,64,35743370.0,0.0,334233600.0,2718191991.0,84937172.0,83617157.0,34475883088.0,26157420613.0,64,2654303,0,0,0,2654253,0,0,0,2654256,0,0,0,2654200,0,0,0,2654425,0,0,0,2654291,0,0,0,2654690,0,0,0,2654166,0,0,0,2654242,0,0,0,2654216,0,0,0,2654363,0,0,0,2654679,0,0,0,2654280,0,0,0,2654183,0,0,0,2654277,0,0,0,2654199,0,0,0,2654346,0,0,0,2654128,0,0,0,2654190,0,0,0,2654154,0,0,0,2654425,0,0,0,2654081,0,0,0,2654273,0,0,0,2654182,0,0,0,2654409,0,0,0,2654054,0,0,0,2654297,0,0,0,2654126,0,0,0,2654326,0,0,0,2654095,0,0,0,2654206,0,0,0,2654127,0,0,0,64,11561925,0,0,11562114,0,0,11562015,0,0,11561982,0,0,11561937,0,0,11562056,0,0,11562014,0,0,11561973,0,0,11561954,0,0,11561962,0,0,11561930,0,0,11561959,0,0,11561931,0,0,11562100,0,0,11562013,0,0,11561989,0,0,11561925,0,0,11562123,0,0,11562062,0,0,11561949,0,0,11561943,0,0,11561969,0,0,11561922,0,0,11561980,0,0,11561935,0,0,11562088,0,0,11561992,0,0,11561979,0,0,11561966,0,0,11562093,0,0,11562011,0,0,11561977,0,0,64,2646950537,298741666,139699200,22848000,102574662,151450204,15993600,0,26193587220.0,10298891827.0,232303589822.0,35755335.0,0.0,2003004312.0,0,378047715,24107883,0.0,0.0,123944.0,0.0,64,5222400,0,0,326400,0,0,0,0,0.0,0.0,0.0,0.0,0.0,0.0,0,1958400,0.0,0.0,0.0,1.0,64,10444800,24170487,0,0,10444800,24170487,0,0,10444800,24170487,0,0,10444800,24170487,0,0,10444800,24170487,0,0,10444800,24170487,0,0,10444800,24170487,0,0,10444800,24170487,0,0,10444800,24170487,0,0,10444800,24170487,0,0,10444800,24170487,0,0,10444800,24170487,0,0,10444800,24170487,0,0,10444800,24170487,0,0,10444800,24170487,0,0,10444800,24170487,0,0,10444800,24170487,0,0,10444800,24170487,0,0,10444800,24170487,0,0,10444800,24170487,0,0,10444800,24170487,0,0,10444800,24170487,0,0,10444800,24170487,0,0,10444800,24170487,0,0,10444800,24170487,0,0,10444800,24170487,0,0,10444800,24170487,0,0,10444800,24170487,0,0,10444800,24170487,0,0,10444800,24170487,0,0,10444800,24170487,0,0,10444800,24170487,0,0,64,193254352,193098580,326400,2894824869,5568884639,0,288,0,24156793,24156793,2896777178.0,2842964100.0,385531.0,699374411.0,2701215878.0,22848000.0,2831552605.0,2773186400.0,193254344,193108111,24156793,0,24156793,1165,773017376.0,772225969.0,6.0,0.0,6350370370230928.0,6350370386691093.0
28,"void kernel_gemm_xdlops_v2r4r2_simplified<GridwiseGemm_bk0mk1_bk0nk1_mn_xdlops_v2r4r2, false, (InMemoryDataOperationEnum)1, BlockToCTileMap_3DGrid_KSplit, PassThrough, PassThrough, PassThrough>(GridwiseGemm_bk0mk1_bk0nk1_mn_xdlops_v2r4r2<256, _Float16, _Float16, float, _Float16, RowMajor, ColumnMajor, RowMajor, PassThrough, PassThrough, PassThrough, (GemmSpecialization)3, 1, 256, 128, 4, 32, 32, 8, 4, 2, Sequence, Sequence, Sequence, 3, 8, 8, false, true, Sequence, Sequence, Sequence, 3, 8, 8, false, true, 1, 1, 8, Sequence, (LoopScheduler)0, (PipelineVersion)0, _Float16, _Float16, _Float16, Argument, BlockToCTileMap_3DGrid_KSplit PassThrough, PassThrough, PassThrough) (kd)",2,20889600,256,25088,0,96,96,32,64,5875200,0,20889600,1958400,2284800,13708800,9692774400,50918400,0.0,0.0,334233600.0,0.0,0.0,0.0,0,0,0.0,84936690.0,0.0,2122.0,64,0,1075286031,2613036,2613036,0,1072296268,2613208,2613208,0,1073360633,2613170,2613170,0,1069536997,2612823,2612823,0,1073660412,2612873,2612873,0,1073194594,2613025,2613025,0,1086839791,2613180,2613180,0,1100201908,2612802,2612802,0,1071131241,2612700,2612700,0,1067207228,2613089,2613089,0,1064113415,2612959,2612959,0,1065299049,2612901,2612901,0,1075226440,2612983,2612983,0,1074859508,2613042,2613042,0,1086803370,2612937,2612937,0,1102297969,2613358,2613358,0,1063340438,2612898,2612898,0,1062786500,2613551,2613551,0,1064440383,2612636,2612636,0,1065924919,2613322,2613322,0,1073151962,2612983,2612983,0,1072285857,2612644,2612644,0,1087818883,2613465,2613465,0,1102454569,2612795,2612795,0,1065324313,2613124,2613124,0,1062050573,2612619,2612619,0,1065539987,2613083,2613083,0,1065451611,2612773,2612773,0,1073063542,2613102,2613102,0,1073198972,2613196,2613196,0,1088801855,2612720,2612720,0,1100165751,2612694,2612694,64,0,0,288,0,50918400,50918411,0,0,24187740,31331880.0,0.0,0.0,22848000.0,1958400.0,0.0,0.0,22848000.0,81600,326400,429,24200522,14599,0,288.0,988.0,0.0,369983361.0,64,20889600,0,0,177561600,0,0,4569600,0.0,0.0,0.0,0.0,326400,0,83490730.0,121220.0,84676096.0,0.0,64,8908223,2654279,1117702,11562502,8907111,2654266,1116577,11561377,8908314,2654240,1117754,11562554,8907081,2654194,1116475,11561275,8908205,2654668,1118073,11562873,8906874,2654417,1116491,11561291,8908184,2654673,1118057,11562857,8907136,2654101,1116437,11561237,8908375,2654136,1117711,11562511,8906997,2654228,1116425,11561225,8908587,2654330,1118117,11562917,8907084,2654153,1116437,11561237,8908322,2654167,1117689,11562489,8907106,2654267,1116573,11561373,8908376,2654209,1117785,11562585,8907083,2654172,1116455,11561255,8908274,2654251,1117725,11562525,8907168,2654192,1116560,11561360,8908493,2654088,1117781,11562581,8907092,2654167,1116459,11561259,8908163,2654379,1117742,11562542,8907126,2654120,1116446,11561246,8908316,2654197,1117713,11562513,8907045,2654182,1116427,11561227,8908275,2654254,1117729,11562529,8907192,2654194,1116586,11561386,8908267,2654266,1117733,11562533,8907108,2654150,1116458,11561258,8908235,2654271,1117706,11562506,8907196,2654150,1116546,11561346,8908525,2654087,1117812,11562612,8907105,2654278,1116583,11561383,64,0,52876800,0,0,0,326400,258508800,2625261347,1937465.0,394669554.0,0.0,396898536.0,348439969.0,22848000.0,0,1508384617,0,64192,83616172.0,83616172.0,0.0,130802.0,64,144473,0,0,2284800,2280745,288,3767,1305600,1462272000.0,1462272000.0,125337600.0,0.0,20889600.0,365568000.0,20889600.0,0.0,47776367,22909642,51550,5907,0,24158745,370011455.0,0.0,285073568.0,84937887.0,64,0.0,64,326400,652800,20889600,1958400,22848000,13708800,0,2284800,0.0,1336934400.0,360.0,396898536.0,0.0,0.0,24850878,0,5765,24175312,1151,35778058.0,0.0,334233600.0,83616640.0,64,3795,0,0,811437628,3255,0,0,812393402,3800,0,0,816575120,3517,0,0,814016919,4129,0,0,812598816,3100,0,0,814339096,3527,0,0,834187598,3779,0,0,849136639,3854,0,0,812944302,3624,0,0,812612486,3799,0,0,808262969,3482,0,0,807278405,4738,0,0,812714698,3401,0,0,811733187,3680,0,0,828801178,3783,0,0,843316179,3687,0,0,803628611,3981,0,0,803866538,3596,0,0,802034233,3905,0,0,807679584,3934,0,0,812055697,3810,0,0,815278405,3938,0,0,829007475,4084,0,0,847334914,3527,0,0,800362686,3962,0,0,799982432,3466,0,0,809950849,3342,0,0,808087212,3757,0,0,815937599,3995,0,0,813094538,3844,0,0,831196149,3182,0,0,844804611,64,35796482.0,0.0,334233600.0,2717998641.0,84937653.0,83613328.0,34480212788.0,26164603469.0,64,2654319,0,0,0,2654363,0,0,0,2654171,0,0,0,2654258,0,0,0,2654360,0,0,0,2654527,0,0,0,2654623,0,0,0,2654286,0,0,0,2654152,0,0,0,2654333,0,0,0,2654241,0,0,0,2654787,0,0,0,2654242,0,0,0,2654262,0,0,0,2654195,0,0,0,2654208,0,0,0,2654362,0,0,0,2654276,0,0,0,2654069,0,0,0,2654211,0,0,0,2654300,0,0,0,2654282,0,0,0,2654174,0,0,0,2654229,0,0,0,2654355,0,0,0,2654220,0,0,0,2654265,0,0,0,2654147,0,0,0,2654421,0,0,0,2654214,0,0,0,2654106,0,0,0,2654145,0,0,0,64,11560373,0,0,11562474,0,0,11560467,0,0,11562331,0,0,11560402,0,0,11562389,0,0,11560472,0,0,11562299,0,0,11560373,0,0,11562345,0,0,11560385,0,0,11562347,0,0,11560389,0,0,11562496,0,0,11560474,0,0,11562379,0,0,11560404,0,0,11562436,0,0,11560447,0,0,11562338,0,0,11560381,0,0,11562326,0,0,11560402,0,0,11562350,0,0,11560385,0,0,11562480,0,0,11560445,0,0,11562336,0,0,11560391,0,0,11562449,0,0,11560461,0,0,11562319,0,0,64,2651590725,298742424,139699200,22848000,102575495,151450129,15993600,0,26188621064.0,10296363376.0,232254297534.0,35767889.0,0.0,2003087055.0,0,380573595,24090198,0.0,0.0,104888.0,0.0,64,5222400,0,0,326400,0,0,0,0,0.0,0.0,0.0,0.0,0.0,0.0,0,1958400,0.0,0.0,0.0,2.0,64,10444800,24176074,0,0,10444800,24176074,0,0,10444800,24176074,0,0,10444800,24176074,0,0,10444800,24176074,0,0,10444800,24176074,0,0,10444800,24176074,0,0,10444800,24176074,0,0,10444800,24176074,0,0,10444800,24176074,0,0,10444800,24176074,0,0,10444800,24176074,0,0,10444800,24176074,0,0,10444800,24176074,0,0,10444800,24176074,0,0,10444800,24176074,0,0,10444800,24176074,0,0,10444800,24176074,0,0,10444800,24176074,0,0,10444800,24176074,0,0,10444800,24176074,0,0,10444800,24176074,0,0,10444800,24176074,0,0,10444800,24176074,0,0,10444800,24176074,0,0,10444800,24176074,0,0,10444800,24176074,0,0,10444800,24176074,0,0,10444800,24176074,0,0,10444800,24176074,0,0,10444800,24176074,0,0,10444800,24176074,0,0,64,193480400,193291803,326400,2897845666,5572715879,0,288,0,24185049,24185049,2899675538.0,2845834476.0,387213.0,702278727.0,2703830150.0,22848000.0,2834409442.0,2776036840.0,193480392,193301335,24185049,0,24185049,1136,773921568.0,773090817.0,6.0,0.0,6350370386691093.0,6350370403139583.0
29,"void kernel_gemm_xdlops_v2r4r2_simplified<GridwiseGemm_bk0mk1_bk0nk1_mn_xdlops_v2r4r2, false, (InMemoryDataOperationEnum)1, BlockToCTileMap_3DGrid_KSplit, PassThrough, PassThrough, PassThrough>(GridwiseGemm_bk0mk1_bk0nk1_mn_xdlops_v2r4r2<256, _Float16, _Float16, float, _Float16, RowMajor, ColumnMajor, RowMajor, PassThrough, PassThrough, PassThrough, (GemmSpecialization)3, 1, 256, 128, 4, 32, 32, 8, 4, 2, Sequence, Sequence, Sequence, 3, 8, 8, false, true, Sequence, Sequence, Sequence, 3, 8, 8, false, true, 1, 1, 8, Sequence, (LoopScheduler)0, (PipelineVersion)0, _Float16, _Float16, _Float16, Argument, BlockToCTileMap_3DGrid_KSplit PassThrough, PassThrough, PassThrough) (kd)",2,20889600,256,25088,0,96,96,32,64,5875200,0,20889600,1958400,2284800,13708800,9692774400,50918400,0.0,0.0,334233600.0,0.0,0.0,0.0,0,0,0.0,84937542.0,0.0,1744.0,64,0,1073722157,2613032,2613032,0,1072369085,2613440,2613440,0,1073590465,2613056,2613056,0,1072820510,2612829,2612829,0,1074112871,2612868,2612868,0,1076291527,2613061,2613061,0,1089126233,2612956,2612956,0,1102637392,2612795,2612795,0,1072854633,2612768,2612768,0,1067389271,2613129,2613129,0,1068261812,2612972,2612972,0,1064948493,2612790,2612790,0,1074575350,2612985,2612985,0,1074270153,2613164,2613164,0,1086071485,2612857,2612857,0,1101466615,2613291,2613291,0,1062673648,2612916,2612916,0,1063754558,2613601,2613601,0,1063517373,2612588,2612588,0,1066371961,2613255,2613255,0,1076168900,2613084,2613084,0,1071288113,2612826,2612826,0,1089698778,2613185,2613185,0,1101852519,2612769,2612769,0,1065932150,2613209,2613209,0,1063327866,2612592,2612592,0,1065110544,2613149,2613149,0,1067994743,2612784,2612784,0,1076482231,2613210,2613210,0,1070565392,2613009,2613009,0,1090939926,2612754,2612754,0,1104243397,2612791,2612791,64,0,0,288,0,50918400,50918416,0,0,24165212,31331880.0,0.0,0.0,22848000.0,1958400.0,0.0,0.0,22848000.0,81600,326400,509,24178835,14852,0,288.0,1067.0,0.0,369974598.0,64,20889600,0,0,177561600,0,0,4569600,0.0,0.0,0.0,0.0,326400,0,83487377.0,126695.0,84681574.0,0.0,64,8909709,2654141,1119050,11563850,8909053,2654124,1118377,11563177,8909900,2654041,1119141,11563941,8908839,2654216,1118255,11563055,8909635,2654632,1119467,11564267,8908846,2654257,1118303,11563103,8909611,2654575,1119386,11564186,8909036,2654013,1118249,11563049,8909862,2653983,1119045,11563845,8908897,2654146,1118243,11563043,8909734,2654202,1119136,11563936,8908958,2654092,1118250,11563050,8909765,2654134,1119099,11563899,8909095,2654076,1118371,11563171,8909800,2654142,1119142,11563942,8908876,2654133,1118209,11563009,8909588,2654250,1119038,11563838,8909057,2654094,1118351,11563151,8909910,2654031,1119141,11563941,8908943,2654099,1118242,11563042,8909637,2654246,1119083,11563883,8908982,2654064,1118246,11563046,8909648,2654214,1119062,11563862,8908936,2654106,1118242,11563042,8909546,2654310,1119056,11563856,8909162,2654007,1118369,11563169,8909942,2654233,1119375,11564175,8908958,2654097,1118255,11563055,8909694,2654167,1119061,11563861,8909166,2653971,1118337,11563137,8909951,2653999,1119150,11563950,8909028,2654224,1118452,11563252,64,0,52876800,0,0,0,326400,258508800,2623840421,1936431.0,394671252.0,0.0,396898536.0,348222456.0,22848000.0,0,1453795597,0,66097,83612635.0,83612635.0,0.0,99512.0,64,135359,0,0,2284800,2280777,288,3735,1305600,1462272000.0,1462272000.0,125337600.0,0.0,20889600.0,365568000.0,20889600.0,0.0,47839201,23156058,52113,5438,0,24174247,369991538.0,0.0,285052920.0,84938618.0,64,0.0,64,326400,652800,20889600,1958400,22848000,13708800,0,2284800,0.0,1336934400.0,360.0,396898536.0,0.0,0.0,24558843,0,5766,24170271,1139,35748393.0,0.0,334233600.0,83613515.0,64,3727,0,0,812030936,2605,0,0,811802854,3351,0,0,815584664,3110,0,0,814731256,2950,0,0,810750677,2663,0,0,814160128,3328,0,0,831992379,2959,0,0,846072777,3231,0,0,812721726,2885,0,0,811460614,2981,0,0,808552165,3111,0,0,807566806,3093,0,0,816228479,3728,0,0,815703673,3172,0,0,828529788,3100,0,0,845213735,3509,0,0,803211343,3678,0,0,804491494,3311,0,0,806398631,2937,0,0,804714449,3289,0,0,814676849,3143,0,0,813446485,3147,0,0,831531851,2444,0,0,844674650,2934,0,0,803495378,2784,0,0,801708387,2867,0,0,810308127,2678,0,0,806615249,3747,0,0,814166156,2992,0,0,810154461,3847,0,0,831732835,3509,0,0,846806313,64,35721353.0,0.0,334233600.0,2717145634.0,84941100.0,83613759.0,34458702686.0,26172412731.0,64,2654154,0,0,0,2654370,0,0,0,2654125,0,0,0,2654199,0,0,0,2654274,0,0,0,2654428,0,0,0,2654621,0,0,0,2654220,0,0,0,2654090,0,0,0,2654227,0,0,0,2654203,0,0,0,2654694,0,0,0,2654199,0,0,0,2654275,0,0,0,2654176,0,0,0,2654218,0,0,0,2654233,0,0,0,2654215,0,0,0,2654048,0,0,0,2654220,0,0,0,2654257,0,0,0,2654177,0,0,0,2654121,0,0,0,2654285,0,0,0,2654292,0,0,0,2654155,0,0,0,2654279,0,0,0,2654226,0,0,0,2654161,0,0,0,2654201,0,0,0,2654063,0,0,0,2654162,0,0,0,64,11561605,0,0,11560375,0,0,11561720,0,0,11560191,0,0,11561644,0,0,11560303,0,0,11561713,0,0,11560235,0,0,11561638,0,0,11560212,0,0,11561644,0,0,11560219,0,0,11561632,0,0,11560319,0,0,11561745,0,0,11560194,0,0,11561679,0,0,11560350,0,0,11561753,0,0,11560209,0,0,11561662,0,0,11560222,0,0,11561660,0,0,11560197,0,0,11561656,0,0,11560335,0,0,11561692,0,0,11560223,0,0,11561652,0,0,11560351,0,0,11561703,0,0,11560247,0,0,64,2645975437,298742301,139699200,22848000,102575142,151450359,15993600,0,26202547676.0,10281224013.0,232293503042.0,35753713.0,0.0,2002975374.0,0,371656575,24111915,0.0,0.0,122570.0,0.0,64,5222400,0,0,326400,0,0,0,0,0.0,0.0,0.0,0.0,0.0,0.0,0,1958400,0.0,0.0,0.0,4.0,64,10444800,24189535,0,0,10444800,24189535,0,0,10444800,24189535,0,0,10444800,24189535,0,0,10444800,24189535,0,0,10444800,24189535,0,0,10444800,24189535,0,0,10444800,24189535,0,0,10444800,24189535,0,0,10444800,24189535,0,0,10444800,24189535,0,0,10444800,24189535,0,0,10444800,24189535,0,0,10444800,24189535,0,0,10444800,24189535,0,0,10444800,24189535,0,0,10444800,24189535,0,0,10444800,24189535,0,0,10444800,24189535,0,0,10444800,24189535,0,0,10444800,24189535,0,0,10444800,24189535,0,0,10444800,24189535,0,0,10444800,24189535,0,0,10444800,24189535,0,0,10444800,24189535,0,0,10444800,24189535,0,0,10444800,24189535,0,0,10444800,24189535,0,0,10444800,24189535,0,0,10444800,24189535,0,0,10444800,24189535,0,0,64,193396408,193242506,326400,2896796083,5568957659,0,288,0,24174550,24174550,2898935982.0,2844540415.0,387131.0,702389747.0,2702234571.0,22848000.0,2833103527.0,2774723197.0,193396400,193252097,24174550,0,24174550,1165,773585600.0,772802622.0,6.0,0.0,6350370403139583.0,6350370419600389.0
30,"void kernel_gemm_xdlops_v2r4r2_simplified<GridwiseGemm_bk0mk1_bk0nk1_mn_xdlops_v2r4r2, false, (InMemoryDataOperationEnum)1, BlockToCTileMap_3DGrid_KSplit, PassThrough, PassThrough, PassThrough>(GridwiseGemm_bk0mk1_bk0nk1_mn_xdlops_v2r4r2<256, _Float16, _Float16, float, _Float16, RowMajor, ColumnMajor, RowMajor, PassThrough, PassThrough, PassThrough, (GemmSpecialization)3, 1, 256, 128, 4, 32, 32, 8, 4, 2, Sequence, Sequence, Sequence, 3, 8, 8, false, true, Sequence, Sequence, Sequence, 3, 8, 8, false, true, 1, 1, 8, Sequence, (LoopScheduler)0, (PipelineVersion)0, _Float16, _Float16, _Float16, Argument, BlockToCTileMap_3DGrid_KSplit PassThrough, PassThrough, PassThrough) (kd)",2,20889600,256,25088,0,96,96,32,64,5875200,0,20889600,1958400,2284800,13708800,9692774400,50918400,0.0,0.0,334233600.0,0.0,0.0,0.0,0,0,0.0,84938469.0,0.0,1754.0,64,0,1072847888,2612947,2612947,0,1071660142,2613157,2613157,0,1070192596,2613205,2613205,0,1073872179,2613069,2613069,0,1075329305,2612984,2612984,0,1073365062,2612869,2612869,0,1089601663,2613185,2613185,0,1101148931,2612851,2612851,0,1070538028,2612855,2612855,0,1067277784,2613022,2613022,0,1070207860,2613162,2613162,0,1066222244,2612872,2612872,0,1073271349,2612931,2612931,0,1076243133,2612924,2612924,0,1087237153,2613044,2613044,0,1103881037,2613459,2613459,0,1063591228,2612953,2612953,0,1066682637,2613615,2613615,0,1063906470,2612762,2612762,0,1065872638,2613362,2613362,0,1071933443,2613196,2613196,0,1072169174,2612589,2612589,0,1091537587,2613445,2613445,0,1101854217,2612781,2612781,0,1067524141,2613272,2613272,0,1063093987,2612469,2612469,0,1063971732,2613053,2613053,0,1067371854,2612919,2612919,0,1074560335,2613169,2613169,0,1073697123,2613021,2613021,0,1087945650,2612761,2612761,0,1102007256,2612857,2612857,64,0,0,288,0,50918400,50918415,0,0,24182620,31331880.0,0.0,0.0,22848000.0,1958400.0,0.0,0.0,22848000.0,81600,326400,429,24195149,15157,0,288.0,1067.0,0.0,370003399.0,64,20889600,0,0,177561600,0,0,4569600,0.0,0.0,0.0,0.0,326400,0,83488179.0,127270.0,84682865.0,0.0,64,8907922,2654104,1117226,11562026,8908458,2654037,1117695,11562495,8908076,2654041,1117317,11562117,8908318,2654037,1117555,11562355,8907912,2654492,1117604,11562404,8908282,2654136,1117618,11562418,8907869,2654479,1117548,11562348,8908440,2653920,1117560,11562360,8908109,2653910,1117219,11562019,8908266,2654106,1117572,11562372,8907906,2654155,1117261,11562061,8908419,2653961,1117580,11562380,8907975,2654040,1117215,11562015,8908614,2653943,1117757,11562557,8908027,2654086,1117313,11562113,8908392,2653977,1117569,11562369,8907912,2654094,1117206,11562006,8908553,2653935,1117688,11562488,8908142,2653978,1117320,11562120,8908383,2654006,1117589,11562389,8907882,2654166,1117248,11562048,8908362,2653999,1117561,11562361,8907888,2654128,1117216,11562016,8908390,2653958,1117548,11562348,8907844,2654171,1117215,11562015,8908595,2653941,1117736,11562536,8908200,2654149,1117549,11562349,8908434,2653962,1117596,11562396,8907915,2654111,1117226,11562026,8908538,2653946,1117684,11562484,8908149,2653990,1117339,11562139,8908379,2654139,1117718,11562518,64,0,52876800,0,0,0,326400,258508800,2625639472,1941637.0,394665719.0,0.0,396898536.0,348242376.0,22848000.0,0,1460312628,0,64209,83615980.0,83615980.0,0.0,132831.0,64,138482,0,0,2284800,2280781,288,3731,1305600,1462272000.0,1462272000.0,125337600.0,0.0,20889600.0,365568000.0,20889600.0,0.0,47802920,23019235,52224,5389,0,24171868,369982039.0,0.0,285042153.0,84939886.0,64,0.0,64,326400,652800,20889600,1958400,22848000,13708800,0,2284800,0.0,1336934400.0,360.0,396898536.0,0.0,0.0,25061644,0,5766,24168395,1170,35771402.0,0.0,334233600.0,83615905.0,64,5417,0,0,816445930,3750,0,0,814271069,3452,0,0,814151911,3897,0,0,817122447,5017,0,0,813465011,3918,0,0,811337860,3891,0,0,833098399,3811,0,0,845058207,4755,0,0,813301971,3715,0,0,811403968,4710,0,0,808229769,3579,0,0,807588306,4424,0,0,813573066,3543,0,0,815420984,3814,0,0,831434845,3224,0,0,845513761,4797,0,0,802214809,3787,0,0,802361778,4115,0,0,808415594,3541,0,0,809115261,5099,0,0,816330796,3972,0,0,814520414,4728,0,0,828930933,3725,0,0,845290716,4686,0,0,802923782,3721,0,0,802797650,4118,0,0,805993079,3546,0,0,809100113,5248,0,0,814268173,3795,0,0,813953752,4145,0,0,832467658,3215,0,0,845124306,64,35786345.0,0.0,334233600.0,2717471896.0,84941525.0,83615217.0,34462146261.0,26157658143.0,64,2654573,0,0,0,2654499,0,0,0,2654471,0,0,0,2654325,0,0,0,2654601,0,0,0,2654548,0,0,0,2654872,0,0,0,2654388,0,0,0,2654365,0,0,0,2654371,0,0,0,2654478,0,0,0,2654801,0,0,0,2654443,0,0,0,2654385,0,0,0,2654432,0,0,0,2654268,0,0,0,2654529,0,0,0,2654271,0,0,0,2654268,0,0,0,2654351,0,0,0,2654592,0,0,0,2654229,0,0,0,2654430,0,0,0,2654358,0,0,0,2654575,0,0,0,2654272,0,0,0,2654454,0,0,0,2654284,0,0,0,2654523,0,0,0,2654347,0,0,0,2654335,0,0,0,2654199,0,0,0,64,11559783,0,0,11560372,0,0,11559850,0,0,11560223,0,0,11559789,0,0,11560266,0,0,11559850,0,0,11560189,0,0,11559803,0,0,11560209,0,0,11559792,0,0,11560220,0,0,11559760,0,0,11560324,0,0,11559864,0,0,11560237,0,0,11559763,0,0,11560355,0,0,11559846,0,0,11560169,0,0,11559810,0,0,11560189,0,0,11559774,0,0,11560242,0,0,11559780,0,0,11560295,0,0,11559814,0,0,11560176,0,0,11559783,0,0,11560348,0,0,11559850,0,0,11560224,0,0,64,2646422531,298741289,139699200,22848000,102574253,151450236,15993600,0,26189650752.0,10270237544.0,232274481228.0,35745788.0,0.0,2002470805.0,0,374641545,24099271,0.0,0.0,129802.0,0.0,64,5222400,0,0,326400,0,0,0,0,0.0,0.0,0.0,0.0,0.0,0.0,0,1958400,0.0,0.0,0.0,1.0,64,10444800,24174233,0,0,10444800,24174233,0,0,10444800,24174233,0,0,10444800,24174233,0,0,10444800,24174233,0,0,10444800,24174233,0,0,10444800,24174233,0,0,10444800,24174233,0,0,10444800,24174233,0,0,10444800,24174233,0,0,10444800,24174233,0,0,10444800,24174233,0,0,10444800,24174233,0,0,10444800,24174233,0,0,10444800,24174233,0,0,10444800,24174233,0,0,10444800,24174233,0,0,10444800,24174233,0,0,10444800,24174233,0,0,10444800,24174233,0,0,10444800,24174233,0,0,10444800,24174233,0,0,10444800,24174233,0,0,10444800,24174233,0,0,10444800,24174233,0,0,10444800,24174233,0,0,10444800,24174233,0,0,10444800,24174233,0,0,10444800,24174233,0,0,10444800,24174233,0,0,10444800,24174233,0,0,10444800,24174233,0,0,64,193257664,193103969,326400,2894882091,5569990770,0,288,0,24157207,24157207,2896857998.0,2842947542.0,388535.0,700399843.0,2701410073.0,22848000.0,2831526150.0,2773149793.0,193257656,193113499,24157207,0,24157207,1169,773030624.0,772246498.0,6.0,0.0,6350370419600389.0,6350370436057838.0
31,"void kernel_gemm_xdlops_v2r4r2_simplified<GridwiseGemm_bk0mk1_bk0nk1_mn_xdlops_v2r4r2, false, (InMemoryDataOperationEnum)1, BlockToCTileMap_3DGrid_KSplit, PassThrough, PassThrough, PassThrough>(GridwiseGemm_bk0mk1_bk0nk1_mn_xdlops_v2r4r2<256, _Float16, _Float16, float, _Float16, RowMajor, ColumnMajor, RowMajor, PassThrough, PassThrough, PassThrough, (GemmSpecialization)3, 1, 256, 128, 4, 32, 32, 8, 4, 2, Sequence, Sequence, Sequence, 3, 8, 8, false, true, Sequence, Sequence, Sequence, 3, 8, 8, false, true, 1, 1, 8, Sequence, (LoopScheduler)0, (PipelineVersion)0, _Float16, _Float16, _Float16, Argument, BlockToCTileMap_3DGrid_KSplit PassThrough, PassThrough, PassThrough) (kd)",2,20889600,256,25088,0,96,96,32,64,5875200,0,20889600,1958400,2284800,13708800,9692774400,50918400,0.0,0.0,334233600.0,0.0,0.0,0.0,0,0,0.0,84936907.0,0.0,1972.0,64,0,1072226879,2613084,2613084,0,1072187637,2613107,2613107,0,1072379540,2613267,2613267,0,1072198426,2612860,2612860,0,1075107954,2612903,2612903,0,1074792551,2612928,2612928,0,1090726992,2613267,2613267,0,1101096355,2612767,2612767,0,1071793030,2612905,2612905,0,1071499100,2613029,2613029,0,1065991296,2613041,2613041,0,1062162065,2612836,2612836,0,1075532554,2613134,2613134,0,1073296429,2612887,2612887,0,1088141651,2612967,2612967,0,1100686199,2613278,2613278,0,1062362527,2613023,2613023,0,1061591030,2613513,2613513,0,1064883237,2612531,2612531,0,1064241536,2613100,2613100,0,1072765940,2613020,2613020,0,1075118448,2612685,2612685,0,1088741701,2613378,2613378,0,1100659351,2612682,2612682,0,1066133968,2613085,2613085,0,1061940955,2612467,2612467,0,1064859023,2613129,2613129,0,1065669997,2612747,2612747,0,1075558809,2613196,2613196,0,1075309399,2612955,2612955,0,1088239038,2612710,2612710,0,1100367483,2612676,2612676,64,0,0,288,0,50918400,50918422,0,0,24166751,31331880.0,0.0,0.0,22848000.0,1958400.0,0.0,0.0,22848000.0,81600,326400,509,24180254,15058,0,288.0,1053.0,0.0,369987575.0,64,20889600,0,0,177561600,0,0,4569600,0.0,0.0,0.0,0.0,326400,0,83488931.0,122929.0,84678655.0,0.0,64,8906971,2654341,1116512,11561312,8907659,2654445,1117304,11562104,8907160,2654246,1116606,11561406,8907522,2654450,1117172,11561972,8906869,2655006,1117075,11561875,8907502,2654549,1117251,11562051,8907150,2654781,1117131,11561931,8907713,2654271,1117184,11561984,8907211,2654116,1116527,11561327,8907582,2654369,1117151,11561951,8907076,2654346,1116622,11561422,8907680,2654315,1117195,11561995,8907075,2654281,1116556,11561356,8907653,2654431,1117284,11562084,8907076,2654330,1116606,11561406,8907621,2654346,1117167,11561967,8906979,2654354,1116533,11561333,8907718,2654371,1117289,11562089,8907189,2654203,1116592,11561392,8907643,2654362,1117205,11562005,8907015,2654335,1116550,11561350,8907626,2654338,1117164,11561964,8906969,2654339,1116508,11561308,8907607,2654376,1117183,11561983,8906863,2654480,1116543,11561343,8907826,2654264,1117290,11562090,8906968,2654380,1116548,11561348,8907638,2654357,1117195,11561995,8906981,2654338,1116519,11561319,8907837,2654285,1117322,11562122,8907273,2654148,1116621,11561421,8907697,2654426,1117323,11562123,64,0,52876800,0,0,0,326400,258508800,2625352965,1938997.0,394667532.0,0.0,396898536.0,348601713.0,22848000.0,0,1484632908,0,65378,83617498.0,83617498.0,0.0,143340.0,64,135264,0,0,2284800,2280833,288,3679,1305600,1462272000.0,1462272000.0,125337600.0,0.0,20889600.0,365568000.0,20889600.0,0.0,47845289,23339641,52205,5723,0,24181174,370033069.0,0.0,285094527.0,84938542.0,64,0.0,64,326400,652800,20889600,1958400,22848000,13708800,0,2284800,0.0,1336934400.0,360.0,396898536.0,0.0,0.0,25415672,0,5734,24180462,1138,35769292.0,0.0,334233600.0,83613615.0,64,4144,0,0,814553873,3479,0,0,812305079,4060,0,0,816889387,3309,0,0,815340188,4746,0,0,815018956,3355,0,0,815229984,4087,0,0,829713918,3242,0,0,841824086,3798,0,0,810910437,3215,0,0,812156313,4408,0,0,806957912,2913,0,0,809816191,3537,0,0,814760985,3398,0,0,812962651,4153,0,0,828640352,3345,0,0,844927317,3965,0,0,802530194,3861,0,0,803087217,3821,0,0,805692745,3245,0,0,807183825,3969,0,0,813986781,2924,0,0,814592718,3857,0,0,830144940,3487,0,0,846888021,4137,0,0,805966091,3723,0,0,804910885,3955,0,0,805272016,3085,0,0,805716114,3778,0,0,816977785,3673,0,0,814421371,4298,0,0,832667868,3345,0,0,847391256,64,35748489.0,0.0,334233600.0,2717749244.0,84938985.0,83615389.0,34439722328.0,26155282926.0,64,2654452,0,0,0,2654463,0,0,0,2654266,0,0,0,2654294,0,0,0,2654486,0,0,0,2654517,0,0,0,2654794,0,0,0,2654284,0,0,0,2654306,0,0,0,2654389,0,0,0,2654353,0,0,0,2654831,0,0,0,2654361,0,0,0,2654340,0,0,0,2654278,0,0,0,2654207,0,0,0,2654466,0,0,0,2654260,0,0,0,2654156,0,0,0,2654193,0,0,0,2654468,0,0,0,2654286,0,0,0,2654356,0,0,0,2654350,0,0,0,2654546,0,0,0,2654239,0,0,0,2654328,0,0,0,2654242,0,0,0,2654370,0,0,0,2654311,0,0,0,2654146,0,0,0,2654150,0,0,0,64,11561447,0,0,11562249,0,0,11561535,0,0,11562116,0,0,11561444,0,0,11562198,0,0,11561521,0,0,11562126,0,0,11561464,0,0,11562116,0,0,11561485,0,0,11562095,0,0,11561460,0,0,11562272,0,0,11561540,0,0,11562129,0,0,11561462,0,0,11562244,0,0,11561571,0,0,11562110,0,0,11561436,0,0,11562129,0,0,11561471,0,0,11562090,0,0,11561475,0,0,11562256,0,0,11561492,0,0,11562144,0,0,11561428,0,0,11562279,0,0,11561549,0,0,11562099,0,0,64,2647390939,298741843,139699200,22848000,102574823,151450220,15993600,0,26196277340.0,10287814735.0,232210092692.0,35749126.0,0.0,2002878063.0,0,376737120,24103425,0.0,0.0,130772.0,0.0,64,5222400,0,0,326400,0,0,0,0,0.0,0.0,0.0,0.0,0.0,0.0,0,1958400,0.0,0.0,0.0,2.0,64,10444800,24168411,0,0,10444800,24168411,0,0,10444800,24168411,0,0,10444800,24168411,0,0,10444800,24168411,0,0,10444800,24168411,0,0,10444800,24168411,0,0,10444800,24168411,0,0,10444800,24168411,0,0,10444800,24168411,0,0,10444800,24168411,0,0,10444800,24168411,0,0,10444800,24168411,0,0,10444800,24168411,0,0,10444800,24168411,0,0,10444800,24168411,0,0,10444800,24168411,0,0,10444800,24168411,0,0,10444800,24168411,0,0,10444800,24168411,0,0,10444800,24168411,0,0,10444800,24168411,0,0,10444800,24168411,0,0,10444800,24168411,0,0,10444800,24168411,0,0,10444800,24168411,0,0,10444800,24168411,0,0,10444800,24168411,0,0,10444800,24168411,0,0,10444800,24168411,0,0,10444800,24168411,0,0,10444800,24168411,0,0,64,193532176,193391414,326400,2898996352,5572578385,0,288,0,24191521,24191521,2901169976.0,2846664291.0,389514.0,704049221.0,2704121665.0,22848000.0,2835189625.0,2776796538.0,193532168,193401263,24191521,0,24191521,1129,774128672.0,773360868.0,6.0,0.0,6350370436057730.0,6350370452516459.0
32,"void kernel_gemm_xdlops_v2r4r2_simplified<GridwiseGemm_bk0mk1_bk0nk1_mn_xdlops_v2r4r2, false, (InMemoryDataOperationEnum)1, BlockToCTileMap_3DGrid_KSplit, PassThrough, PassThrough, PassThrough>(GridwiseGemm_bk0mk1_bk0nk1_mn_xdlops_v2r4r2<256, _Float16, _Float16, float, _Float16, RowMajor, ColumnMajor, RowMajor, PassThrough, PassThrough, PassThrough, (GemmSpecialization)3, 1, 256, 128, 4, 32, 32, 8, 4, 2, Sequence, Sequence, Sequence, 3, 8, 8, false, true, Sequence, Sequence, Sequence, 3, 8, 8, false, true, 1, 1, 8, Sequence, (LoopScheduler)0, (PipelineVersion)0, _Float16, _Float16, _Float16, Argument, BlockToCTileMap_3DGrid_KSplit PassThrough, PassThrough, PassThrough) (kd)",2,20889600,256,25088,0,96,96,32,64,5875200,0,20889600,1958400,2284800,13708800,9692774400,50918400,0.0,0.0,334233600.0,0.0,0.0,0.0,0,0,0.0,84937094.0,0.0,1862.0,64,0,1075053158,2613165,2613165,0,1074000699,2613132,2613132,0,1070196140,2613182,2613182,0,1071459621,2613035,2613035,0,1074248980,2613089,2613089,0,1076101650,2612972,2612972,0,1093149693,2613206,2613206,0,1101268578,2612614,2612614,0,1073339621,2612909,2612909,0,1069699375,2612961,2612961,0,1064562545,2612994,2612994,0,1066210994,2612884,2612884,0,1074829918,2613078,2613078,0,1074038801,2613038,2613038,0,1084457397,2612906,2612906,0,1104458237,2613330,2613330,0,1065481958,2613056,2613056,0,1063391876,2613598,2613598,0,1061489729,2612518,2612518,0,1067336781,2613131,2613131,0,1075862334,2613096,2613096,0,1074646768,2612655,2612655,0,1090163527,2613342,2613342,0,1100829752,2612809,2612809,0,1064490903,2613165,2613165,0,1063956688,2612417,2612417,0,1068366575,2612966,2612966,0,1066896648,2612752,2612752,0,1075003152,2613165,2613165,0,1072976576,2613176,2613176,0,1088310239,2612858,2612858,0,1103173310,2612739,2612739,64,0,0,288,0,50918400,50918426,0,0,24170970,31331880.0,0.0,0.0,22848000.0,1958400.0,0.0,0.0,22848000.0,81600,326400,429,24184182,14591,0,288.0,972.0,0.0,369961017.0,64,20889600,0,0,177561600,0,0,4569600,0.0,0.0,0.0,0.0,326400,0,83486076.0,127140.0,84679959.0,1.0,64,8907134,2654350,1116684,11561484,8907707,2654350,1117257,11562057,8907415,2654164,1116779,11561579,8907713,2654225,1117138,11561938,8907085,2654722,1117007,11561807,8907595,2654402,1117197,11561997,8907378,2654702,1117280,11562080,8907798,2654138,1117136,11561936,8907301,2654168,1116669,11561469,8907667,2654307,1117174,11561974,8907276,2654293,1116769,11561569,8907750,2654204,1117154,11561954,8907241,2654226,1116667,11561467,8907758,2654305,1117263,11562063,8907289,2654268,1116757,11561557,8907801,2654169,1117170,11561970,8907148,2654321,1116669,11561469,8907745,2654324,1117269,11562069,8907397,2654155,1116752,11561552,8907697,2654235,1117132,11561932,8907162,2654423,1116785,11561585,8907670,2654243,1117113,11561913,8907225,2654247,1116672,11561472,8907790,2654207,1117197,11561997,8907077,2654407,1116684,11561484,8907832,2654207,1117239,11562039,8907205,2654295,1116700,11561500,8907801,2654176,1117177,11561977,8907058,2654412,1116670,11561470,8907906,2654205,1117311,11562111,8907441,2654114,1116755,11561555,8907820,2654220,1117240,11562040,64,0,52876800,0,0,0,326400,258508800,2622396239,1937716.0,394669405.0,0.0,396898536.0,348028884.0,22848000.0,0,1476576931,0,64016,83613705.0,83613705.0,0.0,113489.0,64,134201,0,0,2284800,2280855,288,3657,1305600,1462272000.0,1462272000.0,125337600.0,0.0,20889600.0,365568000.0,20889600.0,0.0,47801407,23135648,51555,5408,0,24162012,370003757.0,0.0,285066794.0,84936963.0,64,0.0,64,326400,652800,20889600,1958400,22848000,13708800,0,2284800,0.0,1336934400.0,360.0,396898536.0,0.0,0.0,25053387,0,5776,24163105,1157,35770948.0,0.0,334233600.0,83617010.0,64,4777,0,0,814766404,3946,0,0,811223310,4518,0,0,817494304,4724,0,0,815450585,4926,0,0,815804523,3735,0,0,815015851,3987,0,0,829778473,4289,0,0,845901021,4896,0,0,815318480,3677,0,0,810038385,4736,0,0,811238764,4097,0,0,808168566,4839,0,0,813874753,3923,0,0,813945098,3994,0,0,832324623,4078,0,0,844037517,4283,0,0,805052514,3755,0,0,803987804,4423,0,0,806993563,4419,0,0,807075339,5114,0,0,814990969,3722,0,0,812377915,4464,0,0,831923100,4408,0,0,847219307,5323,0,0,805600401,3501,0,0,799306148,4228,0,0,805616099,4121,0,0,806523172,4705,0,0,815176792,3808,0,0,811872675,4649,0,0,832139892,4557,0,0,846553143,64,35768262.0,0.0,334233600.0,2718130065.0,84940177.0,83617440.0,34447016349.0,26156442739.0,64,2654301,0,0,0,2654318,0,0,0,2654175,0,0,0,2654312,0,0,0,2654342,0,0,0,2654392,0,0,0,2654645,0,0,0,2654303,0,0,0,2654064,0,0,0,2654275,0,0,0,2654309,0,0,0,2654783,0,0,0,2654230,0,0,0,2654222,0,0,0,2654261,0,0,0,2654225,0,0,0,2654340,0,0,0,2654217,0,0,0,2654154,0,0,0,2654205,0,0,0,2654257,0,0,0,2654180,0,0,0,2654319,0,0,0,2654299,0,0,0,2654385,0,0,0,2654154,0,0,0,2654281,0,0,0,2654245,0,0,0,2654309,0,0,0,2654196,0,0,0,2654109,0,0,0,2654235,0,0,0,64,11563078,0,0,11562802,0,0,11563165,0,0,11562668,0,0,11563119,0,0,11562732,0,0,11563169,0,0,11562654,0,0,11563088,0,0,11562684,0,0,11563098,0,0,11562638,0,0,11563093,0,0,11562798,0,0,11563159,0,0,11562664,0,0,11563042,0,0,11562796,0,0,11563159,0,0,11562643,0,0,11563061,0,0,11562657,0,0,11563092,0,0,11562629,0,0,11563058,0,0,11562778,0,0,11563124,0,0,11562674,0,0,11563090,0,0,11562782,0,0,11563153,0,0,11562664,0,0,64,2649391536,298742165,139699200,22848000,102575128,151450237,15993600,0,26224595944.0,10279272937.0,232451451354.0,35760067.0,0.0,2005547229.0,0,376964805,24125827,0.0,0.0,132349.0,0.0,64,5222400,0,0,326400,0,0,0,0,0.0,0.0,0.0,0.0,0.0,0.0,0,1958400,0.0,0.0,0.0,2.0,64,10444800,24163443,0,0,10444800,24163443,0,0,10444800,24163443,0,0,10444800,24163443,0,0,10444800,24163443,0,0,10444800,24163443,0,0,10444800,24163443,0,0,10444800,24163443,0,0,10444800,24163443,0,0,10444800,24163443,0,0,10444800,24163443,0,0,10444800,24163443,0,0,10444800,24163443,0,0,10444800,24163443,0,0,10444800,24163443,0,0,10444800,24163443,0,0,10444800,24163443,0,0,10444800,24163443,0,0,10444800,24163443,0,0,10444800,24163443,0,0,10444800,24163443,0,0,10444800,24163443,0,0,10444800,24163443,0,0,10444800,24163443,0,0,10444800,24163443,0,0,10444800,24163443,0,0,10444800,24163443,0,0,10444800,24163443,0,0,10444800,24163443,0,0,10444800,24163443,0,0,10444800,24163443,0,0,10444800,24163443,0,0,64,193328720,193184459,326400,2896009871,5564844258,0,288,0,24166089,24166089,2898065576.0,2843500929.0,388626.0,700486066.0,2700744139.0,22848000.0,2831994622.0,2773587208.0,193328712,193194309,24166089,0,24166089,1709,773314848.0,772590827.0,6.0,0.0,6350370452516459.0,6350370468974704.0
33,"void kernel_gemm_xdlops_v2r4r2_simplified<GridwiseGemm_bk0mk1_bk0nk1_mn_xdlops_v2r4r2, false, (InMemoryDataOperationEnum)1, BlockToCTileMap_3DGrid_KSplit, PassThrough, PassThrough, PassThrough>(GridwiseGemm_bk0mk1_bk0nk1_mn_xdlops_v2r4r2<256, _Float16, _Float16, float, _Float16, RowMajor, ColumnMajor, RowMajor, PassThrough, PassThrough, PassThrough, (GemmSpecialization)3, 1, 256, 128, 4, 32, 32, 8, 4, 2, Sequence, Sequence, Sequence, 3, 8, 8, false, true, Sequence, Sequence, Sequence, 3, 8, 8, false, true, 1, 1, 8, Sequence, (LoopScheduler)0, (PipelineVersion)0, _Float16, _Float16, _Float16, Argument, BlockToCTileMap_3DGrid_KSplit PassThrough, PassThrough, PassThrough) (kd)",2,20889600,256,25088,0,96,96,32,64,5875200,0,20889600,1958400,2284800,13708800,9692774400,50918400,0.0,0.0,334233600.0,0.0,0.0,0.0,0,0,0.0,84935698.0,0.0,1972.0,64,0,1073729674,2612949,2612949,0,1072368164,2613143,2613143,0,1072992748,2612911,2612911,0,1070276302,2612833,2612833,0,1077394032,2612814,2612814,0,1073606691,2612834,2612834,0,1090522838,2613139,2613139,0,1101377467,2612685,2612685,0,1072822176,2612707,2612707,0,1068992261,2613119,2613119,0,1066888557,2612930,2612930,0,1065225614,2612791,2612791,0,1073986572,2612883,2612883,0,1073503366,2612916,2612916,0,1088317607,2612895,2612895,0,1104422094,2613249,2613249,0,1063805286,2612918,2612918,0,1064323939,2613534,2613534,0,1064556869,2612650,2612650,0,1064307047,2613236,2613236,0,1073472265,2613020,2613020,0,1074668881,2612730,2612730,0,1089347728,2613332,2613332,0,1101654849,2612659,2612659,0,1066916410,2613137,2613137,0,1061940492,2612482,2612482,0,1065625365,2613003,2613003,0,1065582483,2612681,2612681,0,1072920261,2613106,2613106,0,1075031401,2613067,2613067,0,1087076157,2612534,2612534,0,1101513034,2612668,2612668,64,0,0,288,0,50918400,50918431,0,0,24189788,31331880.0,0.0,0.0,22848000.0,1958400.0,0.0,0.0,22848000.0,81600,326400,509,24203296,14862,0,288.0,1209.0,0.0,369966650.0,64,20889600,0,0,177561600,0,0,4569600,0.0,0.0,0.0,0.0,326400,0,83487579.0,126343.0,84682169.0,0.0,64,8907414,2654244,1116858,11561658,8907586,2654149,1116935,11561735,8907616,2654136,1116952,11561752,8907472,2654101,1116773,11561573,8907347,2654699,1117246,11562046,8907398,2654243,1116841,11561641,8907482,2654573,1117255,11562055,8907554,2654011,1116765,11561565,8907653,2654060,1116913,11561713,8907510,2654061,1116771,11561571,8907474,2654288,1116962,11561762,8907552,2654006,1116758,11561558,8907479,2654229,1116908,11561708,8907661,2654048,1116909,11561709,8907621,2654172,1116993,11561793,8907441,2654105,1116746,11561546,8907404,2654263,1116867,11561667,8907634,2654043,1116877,11561677,8907750,2654053,1117003,11561803,8907486,2654081,1116767,11561567,8907457,2654241,1116898,11561698,8907579,2653989,1116768,11561568,8907420,2654239,1116859,11561659,8907495,2654077,1116772,11561572,8907284,2654382,1116866,11561666,8907715,2653956,1116871,11561671,8907517,2654223,1116940,11561740,8907519,2654066,1116785,11561585,8907462,2654208,1116870,11561670,8907666,2654024,1116890,11561690,8907979,2654072,1117251,11562051,8907604,2654195,1116999,11561799,64,0,52876800,0,0,0,326400,258508800,2622951971,1939765.0,394666990.0,0.0,396898536.0,348738616.0,22848000.0,0,1477638313,0,68871,83613569.0,83613569.0,0.0,108676.0,64,139229,0,0,2284800,2280791,288,3721,1305600,1462272000.0,1462272000.0,125337600.0,0.0,20889600.0,365568000.0,20889600.0,0.0,47831038,22960002,51110,5425,0,24170276,370014995.0,0.0,285076553.0,84938442.0,64,0.0,64,326400,652800,20889600,1958400,22848000,13708800,0,2284800,0.0,1336934400.0,360.0,396898536.0,0.0,0.0,25102916,0,5763,24173437,1149,35700110.0,0.0,334233600.0,83613473.0,64,4871,0,0,814282945,3487,0,0,810131776,4957,0,0,812924536,4081,0,0,813852057,4254,0,0,814933222,3552,0,0,812050208,3833,0,0,831180079,4410,0,0,844308835,4248,0,0,812468799,3268,0,0,812358569,5100,0,0,808318427,4152,0,0,809259707,5047,0,0,814765637,3579,0,0,813748842,4331,0,0,831949476,3951,0,0,844017596,4856,0,0,802947030,3773,0,0,802838302,4894,0,0,807626974,4125,0,0,810634702,4675,0,0,811498239,3520,0,0,812315443,5006,0,0,831281386,4275,0,0,845045500,4561,0,0,802630692,3716,0,0,798844984,4715,0,0,806108079,4072,0,0,808592592,4608,0,0,815926031,3178,0,0,815481874,4257,0,0,829158225,3718,0,0,842348084,64,35798767.0,0.0,334233600.0,2716522552.0,84941941.0,83617183.0,34461357871.0,26163802819.0,64,2654340,0,0,0,2654189,0,0,0,2654256,0,0,0,2654144,0,0,0,2654380,0,0,0,2654326,0,0,0,2654686,0,0,0,2654201,0,0,0,2654098,0,0,0,2654246,0,0,0,2654297,0,0,0,2654539,0,0,0,2654239,0,0,0,2654160,0,0,0,2654261,0,0,0,2654199,0,0,0,2654303,0,0,0,2654104,0,0,0,2654149,0,0,0,2654199,0,0,0,2654310,0,0,0,2654117,0,0,0,2654255,0,0,0,2654210,0,0,0,2654352,0,0,0,2654056,0,0,0,2654285,0,0,0,2654154,0,0,0,2654330,0,0,0,2654154,0,0,0,2654151,0,0,0,2654058,0,0,0,64,11560941,0,0,11562320,0,0,11561016,0,0,11562207,0,0,11560911,0,0,11562274,0,0,11560950,0,0,11562273,0,0,11560890,0,0,11562222,0,0,11560917,0,0,11562238,0,0,11560921,0,0,11562376,0,0,11560984,0,0,11562216,0,0,11560929,0,0,11562323,0,0,11561007,0,0,11562237,0,0,11560901,0,0,11562238,0,0,11560943,0,0,11562191,0,0,11560929,0,0,11562351,0,0,11560952,0,0,11562215,0,0,11560911,0,0,11562353,0,0,11560980,0,0,11562214,0,0,64,2649867780,298742218,139699200,22848000,102575216,151450202,15993600,0,26211618154.0,10282639200.0,232373807799.0,35744107.0,0.0,2004468442.0,0,378362760,24111887,0.0,0.0,113325.0,0.0,64,5222400,0,0,326400,0,0,0,0,0.0,0.0,0.0,0.0,0.0,0.0,0,1958400,0.0,0.0,0.0,1.0,64,10444800,24176315,0,0,10444800,24176315,0,0,10444800,24176315,0,0,10444800,24176315,0,0,10444800,24176315,0,0,10444800,24176315,0,0,10444800,24176315,0,0,10444800,24176315,0,0,10444800,24176315,0,0,10444800,24176315,0,0,10444800,24176315,0,0,10444800,24176315,0,0,10444800,24176315,0,0,10444800,24176315,0,0,10444800,24176315,0,0,10444800,24176315,0,0,10444800,24176315,0,0,10444800,24176315,0,0,10444800,24176315,0,0,10444800,24176315,0,0,10444800,24176315,0,0,10444800,24176315,0,0,10444800,24176315,0,0,10444800,24176315,0,0,10444800,24176315,0,0,10444800,24176315,0,0,10444800,24176315,0,0,10444800,24176315,0,0,10444800,24176315,0,0,10444800,24176315,0,0,10444800,24176315,0,0,10444800,24176315,0,0,64,193352336,193204333,326400,2896417241,5572910082,0,288,0,24169041,24169041,2898363398.0,2844675462.0,387368.0,703379405.0,2702868219.0,22848000.0,2833298870.0,2774949164.0,193352328,193213859,24169041,0,24169041,1179,773409312.0,772683520.0,6.0,0.0,6350370468974704.0,6350370485427349.0
34,"void kernel_gemm_xdlops_v2r4r2_simplified<GridwiseGemm_bk0mk1_bk0nk1_mn_xdlops_v2r4r2, false, (InMemoryDataOperationEnum)1, BlockToCTileMap_3DGrid_KSplit, PassThrough, PassThrough, PassThrough>(GridwiseGemm_bk0mk1_bk0nk1_mn_xdlops_v2r4r2<256, _Float16, _Float16, float, _Float16, RowMajor, ColumnMajor, RowMajor, PassThrough, PassThrough, PassThrough, (GemmSpecialization)3, 1, 256, 128, 4, 32, 32, 8, 4, 2, Sequence, Sequence, Sequence, 3, 8, 8, false, true, Sequence, Sequence, Sequence, 3, 8, 8, false, true, 1, 1, 8, Sequence, (LoopScheduler)0, (PipelineVersion)0, _Float16, _Float16, _Float16, Argument, BlockToCTileMap_3DGrid_KSplit PassThrough, PassThrough, PassThrough) (kd)",2,20889600,256,25088,0,96,96,32,64,5875200,0,20889600,1958400,2284800,13708800,9692774400,50918400,0.0,0.0,334233600.0,0.0,0.0,0.0,0,0,0.0,84936951.0,0.0,1750.0,64,0,1074797811,2613109,2613109,0,1069839757,2613122,2613122,0,1073757085,2613061,2613061,0,1070791754,2612971,2612971,0,1075575448,2612976,2612976,0,1075613692,2612966,2612966,0,1092817243,2613108,2613108,0,1100771819,2612877,2612877,0,1071889693,2612823,2612823,0,1071551632,2613043,2613043,0,1066499223,2612942,2612942,0,1065771210,2612802,2612802,0,1074560036,2613167,2613167,0,1072800585,2612956,2612956,0,1088531303,2612920,2612920,0,1099983413,2613343,2613343,0,1062016415,2613077,2613077,0,1064482830,2613574,2613574,0,1064561983,2612641,2612641,0,1064838567,2613313,2613313,0,1073939108,2613167,2613167,0,1074503979,2612539,2612539,0,1087210622,2613460,2613460,0,1101825952,2612790,2612790,0,1065182957,2613257,2613257,0,1063804023,2612499,2612499,0,1067192527,2613025,2613025,0,1063504632,2612771,2612771,0,1075352817,2613121,2613121,0,1073738575,2612976,2612976,0,1090102119,2612751,2612751,0,1101758836,2612867,2612867,64,0,0,288,0,50918400,50918417,0,0,24172756,31331880.0,0.0,0.0,22848000.0,1958400.0,0.0,0.0,22848000.0,81600,326400,429,24185470,14802,0,288.0,1109.0,0.0,369970712.0,64,20889600,0,0,177561600,0,0,4569600,0.0,0.0,0.0,0.0,326400,0,83487647.0,122661.0,84675053.0,0.0,64,8910225,2654078,1119503,11564303,8907586,2654131,1116917,11561717,8910309,2654105,1119614,11564414,8907425,2654143,1116768,11561568,8910196,2654559,1119955,11564755,8907362,2654258,1116820,11561620,8910176,2654483,1119859,11564659,8907509,2654087,1116796,11561596,8910314,2654019,1119533,11564333,8907410,2654151,1116761,11561561,8910261,2654166,1119627,11564427,8907369,2654164,1116733,11561533,8910237,2654080,1119517,11564317,8907610,2654114,1116924,11561724,8910293,2654127,1119620,11564420,8907460,2654112,1116772,11561572,8910150,2654151,1119501,11564301,8907702,2654038,1116940,11561740,8910427,2653993,1119620,11564420,8907483,2654120,1116803,11561603,8910161,2654226,1119587,11564387,8907531,2654047,1116778,11561578,8910157,2654201,1119558,11564358,8907346,2654211,1116757,11561557,8910116,2654255,1119571,11564371,8907703,2653984,1116887,11561687,8910235,2654133,1119568,11564368,8907445,2654136,1116781,11561581,8910220,2654129,1119549,11564349,8907739,2653998,1116937,11561737,8910693,2654041,1119934,11564734,8907536,2654171,1116907,11561707,64,0,52876800,0,0,0,326400,258508800,2623343373,1935784.0,394670661.0,0.0,396898536.0,348538040.0,22848000.0,0,1477572779,0,67263,83616243.0,83616243.0,0.0,137847.0,64,134892,0,0,2284800,2280739,288,3773,1305600,1462272000.0,1462272000.0,125337600.0,0.0,20889600.0,365568000.0,20889600.0,0.0,47764213,22675975,51325,5711,0,24151726,370008716.0,0.0,285067812.0,84940904.0,64,0.0,64,326400,652800,20889600,1958400,22848000,13708800,0,2284800,0.0,1336934400.0,360.0,396898536.0,0.0,0.0,25246327,0,5750,24162851,1152,35755470.0,0.0,334233600.0,83614728.0,64,4832,0,0,814357634,3120,0,0,811449342,3971,0,0,815973535,3369,0,0,816023909,4129,0,0,812250496,3478,0,0,811827236,3950,0,0,833845797,3568,0,0,841909606,4367,0,0,812015459,3558,0,0,810762715,3489,0,0,809190614,3447,0,0,807029227,4130,0,0,813660058,3152,0,0,815128181,3784,0,0,831845225,3951,0,0,847759059,3846,0,0,800977934,3552,0,0,803171485,3556,0,0,806559581,2721,0,0,806628547,3796,0,0,814749606,3384,0,0,808861907,3959,0,0,828678836,3975,0,0,846461691,3904,0,0,803283990,3711,0,0,797834600,3722,0,0,807429989,3561,0,0,805701312,4643,0,0,815300490,3427,0,0,812373130,4069,0,0,834594567,3693,0,0,845907328,64,35743242.0,0.0,334233600.0,2715945452.0,84937816.0,83611714.0,34465977658.0,26165664105.0,64,2654216,0,0,0,2654404,0,0,0,2654210,0,0,0,2654347,0,0,0,2654299,0,0,0,2654457,0,0,0,2654614,0,0,0,2654342,0,0,0,2654126,0,0,0,2654312,0,0,0,2654312,0,0,0,2654620,0,0,0,2654211,0,0,0,2654269,0,0,0,2654285,0,0,0,2654240,0,0,0,2654224,0,0,0,2654243,0,0,0,2654108,0,0,0,2654254,0,0,0,2654269,0,0,0,2654219,0,0,0,2654241,0,0,0,2654225,0,0,0,2654316,0,0,0,2654240,0,0,0,2654286,0,0,0,2654184,0,0,0,2654204,0,0,0,2654287,0,0,0,2654131,0,0,0,2654230,0,0,0,64,11562464,0,0,11563034,0,0,11562521,0,0,11562900,0,0,11562452,0,0,11562989,0,0,11562540,0,0,11562920,0,0,11562455,0,0,11562919,0,0,11562436,0,0,11562927,0,0,11562469,0,0,11563032,0,0,11562543,0,0,11562884,0,0,11562457,0,0,11563055,0,0,11562500,0,0,11562957,0,0,11562389,0,0,11562947,0,0,11562428,0,0,11562924,0,0,11562455,0,0,11563050,0,0,11562462,0,0,11562935,0,0,11562406,0,0,11563062,0,0,11562508,0,0,11562962,0,0,64,2651994039,298741494,139699200,22848000,102574447,151450247,15993600,0,26207013165.0,10323294173.0,232303383766.0,35740719.0,0.0,2003649182.0,0,377799930,24104525,0.0,0.0,98874.0,0.0,64,5222400,0,0,326400,0,0,0,0,0.0,0.0,0.0,0.0,0.0,0.0,0,1958400,0.0,0.0,0.0,59.0,64,10444800,24172588,0,0,10444800,24172588,0,0,10444800,24172588,0,0,10444800,24172588,0,0,10444800,24172588,0,0,10444800,24172588,0,0,10444800,24172588,0,0,10444800,24172588,0,0,10444800,24172588,0,0,10444800,24172588,0,0,10444800,24172588,0,0,10444800,24172588,0,0,10444800,24172588,0,0,10444800,24172588,0,0,10444800,24172588,0,0,10444800,24172588,0,0,10444800,24172588,0,0,10444800,24172588,0,0,10444800,24172588,0,0,10444800,24172588,0,0,10444800,24172588,0,0,10444800,24172588,0,0,10444800,24172588,0,0,10444800,24172588,0,0,10444800,24172588,0,0,10444800,24172588,0,0,10444800,24172588,0,0,10444800,24172588,0,0,10444800,24172588,0,0,10444800,24172588,0,0,10444800,24172588,0,0,10444800,24172588,0,0,64,193275656,193129267,326400,2895258367,5563763511,0,288,0,24159456,24159456,2897237186.0,2842647643.0,387896.0,698066730.0,2699987273.0,22848000.0,2831112091.0,2772693970.0,193275648,193138717,24159456,0,24159456,1174,773102592.0,772379600.0,6.0,0.0,6350370485427349.0,6350370501892639.0
35,"void kernel_gemm_xdlops_v2r4r2_simplified<GridwiseGemm_bk0mk1_bk0nk1_mn_xdlops_v2r4r2, false, (InMemoryDataOperationEnum)1, BlockToCTileMap_3DGrid_KSplit, PassThrough, PassThrough, PassThrough>(GridwiseGemm_bk0mk1_bk0nk1_mn_xdlops_v2r4r2<256, _Float16, _Float16, float, _Float16, RowMajor, ColumnMajor, RowMajor, PassThrough, PassThrough, PassThrough, (GemmSpecialization)3, 1, 256, 128, 4, 32, 32, 8, 4, 2, Sequence, Sequence, Sequence, 3, 8, 8, false, true, Sequence, Sequence, Sequence, 3, 8, 8, false, true, 1, 1, 8, Sequence, (LoopScheduler)0, (PipelineVersion)0, _Float16, _Float16, _Float16, Argument, BlockToCTileMap_3DGrid_KSplit PassThrough, PassThrough, PassThrough) (kd)",2,20889600,256,25088,0,96,96,32,64,5875200,0,20889600,1958400,2284800,13708800,9692774400,50918400,0.0,0.0,334233600.0,0.0,0.0,0.0,0,0,0.0,84938748.0,0.0,1888.0,64,0,1073274211,2612927,2612927,0,1072191996,2613217,2613217,0,1072813304,2613193,2613193,0,1071552753,2612891,2612891,0,1075099905,2613113,2613113,0,1075258744,2612902,2612902,0,1091871538,2613292,2613292,0,1100926478,2612704,2612704,0,1072610525,2612860,2612860,0,1070354271,2613052,2613052,0,1064882483,2613119,2613119,0,1067248221,2612837,2612837,0,1074998523,2613064,2613064,0,1073719072,2612981,2612981,0,1086016008,2613143,2613143,0,1102204560,2613303,2613303,0,1063358102,2612866,2612866,0,1064851707,2613478,2613478,0,1064799976,2612751,2612751,0,1063602326,2613167,2613167,0,1073233467,2613155,2613155,0,1073806875,2612623,2612623,0,1088230561,2613672,2613672,0,1102626775,2612827,2612827,0,1065181532,2613326,2613326,0,1063813448,2612639,2612639,0,1064163601,2613063,2613063,0,1065012631,2612781,2612781,0,1075832053,2613088,2613088,0,1072929101,2613114,2613114,0,1086198125,2612808,2612808,0,1099669774,2612760,2612760,64,0,0,288,0,50918400,50918435,0,0,24185560,31331880.0,0.0,0.0,22848000.0,1958400.0,0.0,0.0,22848000.0,81600,326400,509,24199478,14911,0,288.0,1038.0,0.0,369957270.0,64,20889600,0,0,177561600,0,0,4569600,0.0,0.0,0.0,0.0,326400,0,83365578.0,252646.0,84482687.0,1.0,64,8907454,2654131,1116785,11561585,8906376,2654255,1115831,11560631,8907842,2654111,1117153,11561953,8906281,2654200,1115681,11560481,8907337,2654672,1117209,11562009,8906152,2654419,1115771,11560571,8907323,2654586,1117109,11561909,8906388,2654107,1115695,11560495,8907545,2654041,1116786,11561586,8906362,2654168,1115730,11560530,8907462,2654197,1116859,11561659,8906354,2654170,1115724,11560524,8907439,2654108,1116747,11561547,8906419,2654245,1115864,11560664,8907520,2654155,1116875,11561675,8906415,2654098,1115713,11560513,8907389,2654183,1116772,11561572,8906516,2654122,1115838,11560638,8907654,2653995,1116849,11561649,8906377,2654142,1115719,11560519,8907331,2654210,1116741,11561541,8906444,2654084,1115728,11560528,8907369,2654209,1116778,11561578,8906294,2654237,1115731,11560531,8907326,2654276,1116802,11561602,8906536,2654068,1115804,11560604,8907399,2654219,1116818,11561618,8906322,2654169,1115691,11560491,8907424,2654175,1116799,11561599,8906541,2654073,1115814,11560614,8907641,2654020,1116861,11561661,8906471,2654192,1115863,11560663,64,0,52876800,0,0,0,326400,258508800,2624279061,1941172.0,394665034.0,0.0,396898536.0,348095264.0,22848000.0,0,1488166575,0,64210,83615847.0,83615847.0,0.0,140368.0,64,134364,0,0,2284800,2280834,288,3678,1305600,1462272000.0,1462272000.0,125337600.0,0.0,20889600.0,365568000.0,20889600.0,0.0,47767818,22776305,52376,5426,0,24154229,369985952.0,0.0,285048437.0,84937515.0,64,0.0,64,326400,652800,20889600,1958400,22848000,13708800,0,2284800,0.0,1336934400.0,360.0,396898536.0,0.0,0.0,25461009,0,5790,24166385,1140,35825608.0,0.0,334233600.0,83611963.0,64,3894,0,0,813683329,2944,0,0,814160164,3832,0,0,814456703,2720,0,0,816341137,3244,0,0,813272404,3061,0,0,810574491,4068,0,0,833733420,2873,0,0,845786956,3233,0,0,811583637,2881,0,0,807819674,3525,0,0,807855623,3255,0,0,810397113,3694,0,0,812298940,3286,0,0,810803790,4073,0,0,835242806,3835,0,0,848944379,3148,0,0,801999352,2989,0,0,801042143,3641,0,0,805737028,2770,0,0,811307230,3761,0,0,816191520,3170,0,0,812159548,3810,0,0,828817325,3230,0,0,846836554,3983,0,0,803900252,3047,0,0,795400162,4098,0,0,806705908,3390,0,0,808333370,3591,0,0,813205021,3564,0,0,814449241,3655,0,0,830571045,2884,0,0,846808753,64,35751488.0,0.0,334233600.0,2716259595.0,84937572.0,83615576.0,34454092803.0,26162565085.0,64,2654502,0,0,0,2654335,0,0,0,2654312,0,0,0,2654247,0,0,0,2654505,0,0,0,2654433,0,0,0,2654756,0,0,0,2654430,0,0,0,2654225,0,0,0,2654306,0,0,0,2654427,0,0,0,2654816,0,0,0,2654396,0,0,0,2654312,0,0,0,2654278,0,0,0,2654247,0,0,0,2654456,0,0,0,2654265,0,0,0,2654116,0,0,0,2654277,0,0,0,2654401,0,0,0,2654199,0,0,0,2654385,0,0,0,2654342,0,0,0,2654591,0,0,0,2654183,0,0,0,2654330,0,0,0,2654199,0,0,0,2654409,0,0,0,2654187,0,0,0,2654249,0,0,0,2654149,0,0,0,64,11563957,0,0,11561512,0,0,11564014,0,0,11561430,0,0,11563901,0,0,11561483,0,0,11564050,0,0,11561405,0,0,11563931,0,0,11561404,0,0,11563958,0,0,11561391,0,0,11563909,0,0,11561535,0,0,11564016,0,0,11561399,0,0,11563916,0,0,11561557,0,0,11563985,0,0,11561399,0,0,11563926,0,0,11561409,0,0,11563929,0,0,11561369,0,0,11563908,0,0,11561548,0,0,11563976,0,0,11561383,0,0,11563933,0,0,11561526,0,0,11564031,0,0,11561376,0,0,64,2644325718,298741901,139699200,22848000,102574926,151450175,15993600,0,26198624493.0,10289308720.0,232370290284.0,35759742.0,0.0,2002228801.0,0,372162120,24118008,0.0,0.0,113317.0,0.0,64,5222400,0,0,326400,0,0,0,0,0.0,0.0,0.0,0.0,0.0,0.0,0,1958400,0.0,0.0,0.0,4.0,64,10444800,24198371,0,0,10444800,24198371,0,0,10444800,24198371,0,0,10444800,24198371,0,0,10444800,24198371,0,0,10444800,24198371,0,0,10444800,24198371,0,0,10444800,24198371,0,0,10444800,24198371,0,0,10444800,24198371,0,0,10444800,24198371,0,0,10444800,24198371,0,0,10444800,24198371,0,0,10444800,24198371,0,0,10444800,24198371,0,0,10444800,24198371,0,0,10444800,24198371,0,0,10444800,24198371,0,0,10444800,24198371,0,0,10444800,24198371,0,0,10444800,24198371,0,0,10444800,24198371,0,0,10444800,24198371,0,0,10444800,24198371,0,0,10444800,24198371,0,0,10444800,24198371,0,0,10444800,24198371,0,0,10444800,24198371,0,0,10444800,24198371,0,0,10444800,24198371,0,0,10444800,24198371,0,0,10444800,24198371,0,0,64,193618968,193473116,326400,2900362550,5564382665,0,288,0,24202370,24202370,2902394906.0,2847168614.0,388427.0,707180007.0,2703458440.0,22848000.0,2835585950.0,2777163148.0,193618960,193482561,24202370,0,24202370,1152,774475840.0,773735623.0,6.0,0.0,6350370501892577.0,6350370518354827.0
36,"void kernel_gemm_xdlops_v2r4r2_simplified<GridwiseGemm_bk0mk1_bk0nk1_mn_xdlops_v2r4r2, false, (InMemoryDataOperationEnum)1, BlockToCTileMap_3DGrid_KSplit, PassThrough, PassThrough, PassThrough>(GridwiseGemm_bk0mk1_bk0nk1_mn_xdlops_v2r4r2<256, _Float16, _Float16, float, _Float16, RowMajor, ColumnMajor, RowMajor, PassThrough, PassThrough, PassThrough, (GemmSpecialization)3, 1, 256, 128, 4, 32, 32, 8, 4, 2, Sequence, Sequence, Sequence, 3, 8, 8, false, true, Sequence, Sequence, Sequence, 3, 8, 8, false, true, 1, 1, 8, Sequence, (LoopScheduler)0, (PipelineVersion)0, _Float16, _Float16, _Float16, Argument, BlockToCTileMap_3DGrid_KSplit PassThrough, PassThrough, PassThrough) (kd)",2,20889600,256,25088,0,96,96,32,64,5875200,0,20889600,1958400,2284800,13708800,9692774400,50918400,0.0,0.0,334233600.0,0.0,0.0,0.0,0,0,0.0,84938178.0,0.0,2062.0,64,0,1074111774,2613038,2613038,0,1071254175,2613305,2613305,0,1072624334,2613122,2613122,0,1073313732,2613000,2613000,0,1075932069,2612787,2612787,0,1074451769,2613062,2613062,0,1092552086,2613227,2613227,0,1100916617,2612698,2612698,0,1072789119,2612846,2612846,0,1070099873,2612990,2612990,0,1068693270,2612964,2612964,0,1063940841,2612836,2612836,0,1071740571,2612930,2612930,0,1071747551,2612899,2612899,0,1087652446,2612944,2612944,0,1102702456,2613271,2613271,0,1064148603,2612896,2612896,0,1063395118,2613375,2613375,0,1066798705,2612734,2612734,0,1063769506,2613160,2613160,0,1073979990,2613080,2613080,0,1075048971,2612705,2612705,0,1090969362,2613483,2613483,0,1105015089,2612849,2612849,0,1062206202,2613213,2613213,0,1063277191,2612549,2612549,0,1069026375,2613041,2613041,0,1064981739,2612676,2612676,0,1072545727,2612985,2612985,0,1073152957,2613033,2613033,0,1088892124,2612756,2612756,0,1103503897,2612758,2612758,64,0,0,288,0,50918400,50918417,0,0,24169183,31331880.0,0.0,0.0,22848000.0,1958400.0,0.0,0.0,22848000.0,81600,326400,429,24181846,14884,0,288.0,1118.0,0.0,369967610.0,64,20889600,0,0,177561600,0,0,4569600,0.0,0.0,0.0,0.0,326400,0,83488021.0,126939.0,84678347.0,0.0,64,8907626,2654311,1117137,11561937,8907897,2654224,1117321,11562121,8908004,2654310,1117514,11562314,8907779,2654193,1117172,11561972,8907577,2654843,1117620,11562420,8907796,2654255,1117251,11562051,8907577,2654689,1117466,11562266,8907897,2654092,1117189,11561989,8907825,2654119,1117144,11561944,8907769,2654206,1117175,11561975,8907650,2654373,1117223,11562023,8907798,2654183,1117181,11561981,8907683,2654262,1117145,11561945,8908044,2654078,1117322,11562122,8907719,2654309,1117228,11562028,8907861,2654150,1117211,11562011,8907619,2654304,1117123,11561923,8908046,2654074,1117320,11562120,8907828,2654157,1117185,11561985,8907852,2654191,1117243,11562043,8907642,2654282,1117124,11561924,8907946,2654070,1117216,11562016,8907671,2654316,1117187,11561987,8907806,2654160,1117166,11561966,8907557,2654374,1117131,11561931,8908143,2654000,1117343,11562143,8907652,2654340,1117192,11561992,8907872,2654108,1117180,11561980,8907544,2654377,1117121,11561921,8908078,2654051,1117329,11562129,8907874,2654187,1117261,11562061,8907872,2654314,1117386,11562186,64,0,52876800,0,0,0,326400,258508800,2622853634,1939663.0,394667415.0,0.0,396898536.0,348352848.0,22848000.0,0,1476571934,0,66402,83615691.0,83615691.0,0.0,129625.0,64,135345,0,0,2284800,2280843,288,3669,1305600,1462272000.0,1462272000.0,125337600.0,0.0,20889600.0,365568000.0,20889600.0,0.0,47831402,22931184,51001,5443,0,24174783,370017913.0,0.0,285078977.0,84938936.0,64,0.0,64,326400,652800,20889600,1958400,22848000,13708800,0,2284800,0.0,1336934400.0,360.0,396898536.0,0.0,0.0,25171044,0,5682,24190741,1125,35764379.0,0.0,334233600.0,83613515.0,64,3399,0,0,812805758,3149,0,0,811690133,2941,0,0,816190739,3385,0,0,814359717,3556,0,0,816460910,2975,0,0,811748561,2931,0,0,832608191,3107,0,0,846787647,3118,0,0,816421459,2956,0,0,812509754,2794,0,0,809534458,3175,0,0,806650992,3376,0,0,814649102,3086,0,0,816224073,2744,0,0,829248563,3335,0,0,844556787,3428,0,0,803671488,2792,0,0,804134715,2805,0,0,803746794,3155,0,0,808330507,3386,0,0,816398080,3375,0,0,811504692,2951,0,0,828804578,3479,0,0,844841518,3410,0,0,806124566,2955,0,0,799131358,2767,0,0,807832376,2977,0,0,808511192,3001,0,0,812427990,2841,0,0,809244389,3438,0,0,830247532,3487,0,0,843416847,64,35787136.0,0.0,334233600.0,2715416241.0,84937554.0,83616584.0,34446386981.0,26154319119.0,64,2654292,0,0,0,2654256,0,0,0,2654152,0,0,0,2654190,0,0,0,2654314,0,0,0,2654326,0,0,0,2654531,0,0,0,2654197,0,0,0,2654185,0,0,0,2654275,0,0,0,2654204,0,0,0,2654640,0,0,0,2654188,0,0,0,2654221,0,0,0,2654143,0,0,0,2654205,0,0,0,2654259,0,0,0,2654211,0,0,0,2654050,0,0,0,2654201,0,0,0,2654333,0,0,0,2654120,0,0,0,2654192,0,0,0,2654161,0,0,0,2654326,0,0,0,2654132,0,0,0,2654200,0,0,0,2654153,0,0,0,2654261,0,0,0,2654149,0,0,0,2654078,0,0,0,2654135,0,0,0,64,11561236,0,0,11562519,0,0,11561285,0,0,11562391,0,0,11561222,0,0,11562440,0,0,11561282,0,0,11562386,0,0,11561233,0,0,11562368,0,0,11561250,0,0,11562401,0,0,11561214,0,0,11562517,0,0,11561329,0,0,11562392,0,0,11561255,0,0,11562504,0,0,11561347,0,0,11562383,0,0,11561229,0,0,11562397,0,0,11561247,0,0,11562382,0,0,11561239,0,0,11562514,0,0,11561266,0,0,11562373,0,0,11561203,0,0,11562523,0,0,11561296,0,0,11562392,0,0,64,2642957503,298740590,139699200,22848000,102573636,151450154,15993600,0,26206046168.0,10312704199.0,232379766950.0,35735585.0,0.0,2002384195.0,0,370451190,24116085,0.0,0.0,125994.0,0.0,64,5222400,0,0,326400,0,0,0,0,0.0,0.0,0.0,0.0,0.0,0.0,0,1958400,0.0,0.0,0.0,4.0,64,10444800,24180920,0,0,10444800,24180920,0,0,10444800,24180920,0,0,10444800,24180920,0,0,10444800,24180920,0,0,10444800,24180920,0,0,10444800,24180920,0,0,10444800,24180920,0,0,10444800,24180920,0,0,10444800,24180920,0,0,10444800,24180920,0,0,10444800,24180920,0,0,10444800,24180920,0,0,10444800,24180920,0,0,10444800,24180920,0,0,10444800,24180920,0,0,10444800,24180920,0,0,10444800,24180920,0,0,10444800,24180920,0,0,10444800,24180920,0,0,10444800,24180920,0,0,10444800,24180920,0,0,10444800,24180920,0,0,10444800,24180920,0,0,10444800,24180920,0,0,10444800,24180920,0,0,10444800,24180920,0,0,10444800,24180920,0,0,10444800,24180920,0,0,10444800,24180920,0,0,10444800,24180920,0,0,10444800,24180920,0,0,64,193451112,193305887,326400,2897843701,5569596279,0,288,0,24181388,24181388,2899886606.0,2845242121.0,387923.0,700594444.0,2702523709.0,22848000.0,2833738003.0,2775335039.0,193451104,193315343,24181388,0,24181388,1125,773804416.0,772983759.0,6.0,0.0,6350370518354827.0,6350370534810351.0
37,"void kernel_gemm_xdlops_v2r4r2_simplified<GridwiseGemm_bk0mk1_bk0nk1_mn_xdlops_v2r4r2, false, (InMemoryDataOperationEnum)1, BlockToCTileMap_3DGrid_KSplit, PassThrough, PassThrough, PassThrough>(GridwiseGemm_bk0mk1_bk0nk1_mn_xdlops_v2r4r2<256, _Float16, _Float16, float, _Float16, RowMajor, ColumnMajor, RowMajor, PassThrough, PassThrough, PassThrough, (GemmSpecialization)3, 1, 256, 128, 4, 32, 32, 8, 4, 2, Sequence, Sequence, Sequence, 3, 8, 8, false, true, Sequence, Sequence, Sequence, 3, 8, 8, false, true, 1, 1, 8, Sequence, (LoopScheduler)0, (PipelineVersion)0, _Float16, _Float16, _Float16, Argument, BlockToCTileMap_3DGrid_KSplit PassThrough, PassThrough, PassThrough) (kd)",2,20889600,256,25088,0,96,96,32,64,5875200,0,20889600,1958400,2284800,13708800,9692774400,50918400,0.0,0.0,334233600.0,0.0,0.0,0.0,0,0,0.0,84937678.0,0.0,1900.0,64,0,1073585097,2612956,2612956,0,1070493569,2613153,2613153,0,1074660516,2613099,2613099,0,1071288881,2612831,2612831,0,1075321386,2612932,2612932,0,1073293101,2612852,2612852,0,1091123843,2613113,2613113,0,1099762408,2612759,2612759,0,1072862063,2612730,2612730,0,1071892137,2613011,2613011,0,1067264549,2612869,2612869,0,1065142965,2612938,2612938,0,1076265384,2613057,2613057,0,1074131923,2612862,2612862,0,1086604543,2612858,2612858,0,1106628998,2613303,2613303,0,1066449853,2612912,2612912,0,1062186981,2613553,2613553,0,1064648967,2612651,2612651,0,1068002545,2613283,2613283,0,1075159886,2613112,2613112,0,1073273098,2612670,2612670,0,1089047816,2613232,2613232,0,1100036780,2612708,2612708,0,1067920252,2613191,2613191,0,1063883316,2612478,2612478,0,1068177927,2613086,2613086,0,1064466820,2612683,2612683,0,1077926577,2613084,2613084,0,1071782848,2613036,2613036,0,1091818627,2612819,2612819,0,1103673068,2612647,2612647,64,0,0,288,0,50918400,50918410,0,0,24168282,31331880.0,0.0,0.0,22848000.0,1958400.0,0.0,0.0,22848000.0,81600,326400,509,24182315,15085,0,288.0,1106.0,0.0,369933677.0,64,20889600,0,0,177561600,0,0,4569600,0.0,0.0,0.0,0.0,326400,0,83492044.0,125547.0,84688033.0,0.0,64,8907191,2654389,1116780,11561580,8907699,2654349,1117248,11562048,8907411,2654268,1116879,11561679,8907638,2654243,1117081,11561881,8907240,2654857,1117297,11562097,8907555,2654381,1117136,11561936,8907267,2654681,1117148,11561948,8907630,2654225,1117055,11561855,8907452,2654174,1116826,11561626,8907494,2654346,1117040,11561840,8907306,2654328,1116834,11561634,8907734,2654167,1117101,11561901,8907239,2654363,1116802,11561602,8907723,2654284,1117207,11562007,8907421,2654283,1116904,11561704,8907680,2654144,1117024,11561824,8907177,2654420,1116797,11561597,8907781,2654210,1117191,11561991,8907788,2654203,1117191,11561991,8907765,2654133,1117098,11561898,8907278,2654337,1116815,11561615,8907569,2654259,1117028,11561828,8907318,2654268,1116786,11561586,8907618,2654254,1117072,11561872,8907185,2654444,1116829,11561629,8907856,2654095,1117151,11561951,8907272,2654330,1116802,11561602,8907637,2654253,1117090,11561890,8907152,2654398,1116750,11561550,8907847,2654165,1117212,11562012,8907563,2654150,1116913,11561713,8907721,2654209,1117130,11561930,64,0,52876800,0,0,0,326400,258508800,2622845189,1938992.0,394667345.0,0.0,396898536.0,348932747.0,22848000.0,0,1452239435,0,65194,83613605.0,83613605.0,0.0,121888.0,64,136148,0,0,2284800,2280838,288,3674,1305600,1462272000.0,1462272000.0,125337600.0,0.0,20889600.0,365568000.0,20889600.0,0.0,47797378,23056238,50539,5512,0,24176621,370015989.0,0.0,285080137.0,84935852.0,64,0.0,64,326400,652800,20889600,1958400,22848000,13708800,0,2284800,0.0,1336934400.0,360.0,396898536.0,0.0,0.0,25028032,0,6062,24161151,1246,35724346.0,0.0,334233600.0,83610681.0,64,4607,0,0,812782337,3444,0,0,812081411,4756,0,0,812954085,4556,0,0,814224494,4195,0,0,812974556,3331,0,0,811222612,5155,0,0,831457466,4502,0,0,844396819,4647,0,0,812967655,3774,0,0,809092639,4588,0,0,809331792,4638,0,0,808867684,4272,0,0,815081233,3422,0,0,816702645,4030,0,0,829699601,4865,0,0,846081938,4484,0,0,805430042,3574,0,0,804516614,3983,0,0,806436832,4346,0,0,808407193,3820,0,0,814867972,3648,0,0,812541696,4228,0,0,831516256,4552,0,0,844813695,5065,0,0,800774098,3535,0,0,797969876,4242,0,0,805543411,4345,0,0,803266184,4095,0,0,814485780,3714,0,0,811328856,5146,0,0,830373834,4800,0,0,845552640,64,35762055.0,0.0,334233600.0,2716358680.0,84935176.0,83615311.0,34462552197.0,26153433683.0,64,2654399,0,0,0,2654220,0,0,0,2654176,0,0,0,2654265,0,0,0,2654316,0,0,0,2654475,0,0,0,2654658,0,0,0,2654256,0,0,0,2654084,0,0,0,2654227,0,0,0,2654310,0,0,0,2654730,0,0,0,2654244,0,0,0,2654233,0,0,0,2654219,0,0,0,2654221,0,0,0,2654282,0,0,0,2654137,0,0,0,2654114,0,0,0,2654281,0,0,0,2654284,0,0,0,2654160,0,0,0,2654237,0,0,0,2654281,0,0,0,2654375,0,0,0,2654138,0,0,0,2654247,0,0,0,2654196,0,0,0,2654316,0,0,0,2654133,0,0,0,2654061,0,0,0,2654125,0,0,0,64,11560629,0,0,11563228,0,0,11560736,0,0,11563077,0,0,11560610,0,0,11563167,0,0,11560731,0,0,11563077,0,0,11560661,0,0,11563058,0,0,11560667,0,0,11563068,0,0,11560673,0,0,11563177,0,0,11560745,0,0,11563061,0,0,11560649,0,0,11563223,0,0,11560708,0,0,11563106,0,0,11560670,0,0,11563086,0,0,11560634,0,0,11563097,0,0,11560652,0,0,11563218,0,0,11560704,0,0,11563073,0,0,11560648,0,0,11563205,0,0,11560721,0,0,11563098,0,0,64,2647549771,298741439,139699200,22848000,102574400,151450239,15993600,0,26215493455.0,10258667417.0,232391283819.0,35719144.0,0.0,2004609013.0,0,375619560,24120126,0.0,0.0,130031.0,0.0,64,5222400,0,0,326400,0,0,0,0,0.0,0.0,0.0,0.0,0.0,0.0,0,1958400,0.0,0.0,0.0,3.0,64,10444800,24161655,0,0,10444800,24161655,0,0,10444800,24161655,0,0,10444800,24161655,0,0,10444800,24161655,0,0,10444800,24161655,0,0,10444800,24161655,0,0,10444800,24161655,0,0,10444800,24161655,0,0,10444800,24161655,0,0,10444800,24161655,0,0,10444800,24161655,0,0,10444800,24161655,0,0,10444800,24161655,0,0,10444800,24161655,0,0,10444800,24161655,0,0,10444800,24161655,0,0,10444800,24161655,0,0,10444800,24161655,0,0,10444800,24161655,0,0,10444800,24161655,0,0,10444800,24161655,0,0,10444800,24161655,0,0,10444800,24161655,0,0,10444800,24161655,0,0,10444800,24161655,0,0,10444800,24161655,0,0,10444800,24161655,0,0,10444800,24161655,0,0,10444800,24161655,0,0,10444800,24161655,0,0,10444800,24161655,0,0,64,193478056,193327427,326400,2898362889,5569033874,0,288,0,24184756,24184756,2900209838.0,2845739916.0,386863.0,704111245.0,2703050429.0,22848000.0,2834239988.0,2775840752.0,193478048,193336955,24184756,0,24184756,1239,773912192.0,773148017.0,6.0,0.0,6350370534810351.0,6350370551270997.0
38,"void kernel_gemm_xdlops_v2r4r2_simplified<GridwiseGemm_bk0mk1_bk0nk1_mn_xdlops_v2r4r2, false, (InMemoryDataOperationEnum)1, BlockToCTileMap_3DGrid_KSplit, PassThrough, PassThrough, PassThrough>(GridwiseGemm_bk0mk1_bk0nk1_mn_xdlops_v2r4r2<256, _Float16, _Float16, float, _Float16, RowMajor, ColumnMajor, RowMajor, PassThrough, PassThrough, PassThrough, (GemmSpecialization)3, 1, 256, 128, 4, 32, 32, 8, 4, 2, Sequence, Sequence, Sequence, 3, 8, 8, false, true, Sequence, Sequence, Sequence, 3, 8, 8, false, true, 1, 1, 8, Sequence, (LoopScheduler)0, (PipelineVersion)0, _Float16, _Float16, _Float16, Argument, BlockToCTileMap_3DGrid_KSplit PassThrough, PassThrough, PassThrough) (kd)",2,20889600,256,25088,0,96,96,32,64,5875200,0,20889600,1958400,2284800,13708800,9692774400,50918400,0.0,0.0,334233600.0,0.0,0.0,0.0,0,0,0.0,84937479.0,0.0,2172.0,64,0,1073990738,2613073,2613073,0,1073722856,2613386,2613386,0,1072977116,2613065,2613065,0,1067290563,2612794,2612794,0,1073307108,2613051,2613051,0,1073751040,2613029,2613029,0,1091721911,2613056,2613056,0,1099110304,2612868,2612868,0,1071456125,2612797,2612797,0,1069691447,2612990,2612990,0,1067628009,2612968,2612968,0,1062918622,2612914,2612914,0,1076155090,2613059,2613059,0,1074851734,2613000,2613000,0,1087860390,2612901,2612901,0,1100384449,2613350,2613350,0,1063804366,2612884,2612884,0,1063906941,2613604,2613604,0,1068123763,2612665,2612665,0,1061817707,2613181,2613181,0,1074375707,2613089,2613089,0,1076074833,2612709,2612709,0,1088923006,2613252,2613252,0,1103958537,2612816,2612816,0,1063988633,2613339,2613339,0,1062587628,2612535,2612535,0,1066737104,2613117,2613117,0,1064753506,2612757,2612757,0,1073649296,2613117,2613117,0,1074881482,2613142,2613142,0,1087878583,2612734,2612734,0,1099125973,2612791,2612791,64,0,0,288,0,50918400,50918407,0,0,24165716,31331880.0,0.0,0.0,22848000.0,1958400.0,0.0,0.0,22848000.0,81600,326400,429,24178426,14736,0,288.0,1073.0,0.0,369983171.0,64,20889600,0,0,177561600,0,0,4569600,0.0,0.0,0.0,0.0,326400,0,83491365.0,123754.0,84686407.0,0.0,64,8906606,2654335,1116141,11560941,8906625,2654329,1116154,11560954,8906853,2654201,1116254,11561054,8906542,2654264,1116006,11560806,8906598,2654811,1116609,11561409,8906563,2654361,1116124,11560924,8906679,2654610,1116489,11561289,8906710,2654133,1116043,11560843,8906875,2654082,1116157,11560957,8906514,2654333,1116047,11560847,8906786,2654267,1116253,11561053,8906664,2654150,1116014,11560814,8906696,2654223,1116119,11560919,8906764,2654204,1116168,11560968,8906854,2654229,1116283,11561083,8906644,2654199,1116043,11560843,8906643,2654295,1116138,11560938,8906809,2654171,1116180,11560980,8907195,2654125,1116520,11561320,8906616,2654202,1116018,11560818,8906676,2654264,1116140,11560940,8906624,2654198,1116022,11560822,8906629,2654302,1116131,11560931,8906620,2654202,1116022,11560822,8906628,2654327,1116155,11560955,8906879,2654098,1116177,11560977,8906766,2654223,1116189,11560989,8906672,2654156,1116028,11560828,8906577,2654334,1116111,11560911,8906876,2654115,1116191,11560991,8906879,2654151,1116230,11561030,8906693,2654265,1116158,11560958,64,0,52876800,0,0,0,326400,258508800,2621795575,1938759.0,394667997.0,0.0,396898536.0,348229715.0,22848000.0,0,1460165515,0,65093,83613005.0,83613005.0,0.0,101225.0,64,126655,0,0,2284800,2280777,288,3735,1305600,1462272000.0,1462272000.0,125337600.0,0.0,20889600.0,365568000.0,20889600.0,0.0,47758924,23459460,51460,5636,0,24144224,369970721.0,0.0,285029900.0,84940821.0,64,0.0,64,326400,652800,20889600,1958400,22848000,13708800,0,2284800,0.0,1336934400.0,360.0,396898536.0,0.0,0.0,25351375,0,5746,24164619,1153,35729351.0,0.0,334233600.0,83616020.0,64,4509,0,0,813276455,4117,0,0,811489361,4572,0,0,814603394,4087,0,0,815647131,4254,0,0,816428179,3744,0,0,811890815,4178,0,0,833484668,4124,0,0,845323108,4233,0,0,813206098,4343,0,0,810923743,4785,0,0,811236606,3695,0,0,810559901,4785,0,0,813808638,4001,0,0,812307877,4963,0,0,828704198,3901,0,0,844522585,4202,0,0,802204885,4123,0,0,801840524,4366,0,0,806044105,3757,0,0,806888268,4024,0,0,814883525,3764,0,0,812556618,4292,0,0,832885900,3546,0,0,847189060,5044,0,0,802327128,4092,0,0,799574708,4546,0,0,811713733,4234,0,0,808720732,5217,0,0,812458770,3994,0,0,813034213,4291,0,0,833528006,3774,0,0,844641734,64,35749050.0,0.0,334233600.0,2717234826.0,84942976.0,83616252.0,34464050660.0,26164752628.0,64,2654497,0,0,0,2654452,0,0,0,2654416,0,0,0,2654458,0,0,0,2654642,0,0,0,2654568,0,0,0,2655002,0,0,0,2654356,0,0,0,2654354,0,0,0,2654393,0,0,0,2654529,0,0,0,2654833,0,0,0,2654386,0,0,0,2654444,0,0,0,2654493,0,0,0,2654311,0,0,0,2654490,0,0,0,2654362,0,0,0,2654311,0,0,0,2654352,0,0,0,2654660,0,0,0,2654314,0,0,0,2654506,0,0,0,2654473,0,0,0,2654741,0,0,0,2654296,0,0,0,2654579,0,0,0,2654378,0,0,0,2654575,0,0,0,2654291,0,0,0,2654346,0,0,0,2654322,0,0,0,64,11562635,0,0,11561316,0,0,11562733,0,0,11561202,0,0,11562639,0,0,11561231,0,0,11562735,0,0,11561215,0,0,11562623,0,0,11561216,0,0,11562624,0,0,11561235,0,0,11562622,0,0,11561341,0,0,11562699,0,0,11561238,0,0,11562628,0,0,11561349,0,0,11562713,0,0,11561177,0,0,11562647,0,0,11561160,0,0,11562613,0,0,11561195,0,0,11562652,0,0,11561355,0,0,11562628,0,0,11561229,0,0,11562649,0,0,11561323,0,0,11562716,0,0,11561182,0,0,64,2647643043,298741734,139699200,22848000,102574682,151450252,15993600,0,26172296386.0,10293685593.0,232152063616.0,35735858.0,0.0,2001714828.0,0,377247060,24082395,0.0,0.0,110897.0,0.0,64,5222400,0,0,326400,0,0,0,0,0.0,0.0,0.0,0.0,0.0,0.0,0,1958400,0.0,0.0,0.0,0.0,64,10444800,24180163,0,0,10444800,24180163,0,0,10444800,24180163,0,0,10444800,24180163,0,0,10444800,24180163,0,0,10444800,24180163,0,0,10444800,24180163,0,0,10444800,24180163,0,0,10444800,24180163,0,0,10444800,24180163,0,0,10444800,24180163,0,0,10444800,24180163,0,0,10444800,24180163,0,0,10444800,24180163,0,0,10444800,24180163,0,0,10444800,24180163,0,0,10444800,24180163,0,0,10444800,24180163,0,0,10444800,24180163,0,0,10444800,24180163,0,0,10444800,24180163,0,0,10444800,24180163,0,0,10444800,24180163,0,0,10444800,24180163,0,0,10444800,24180163,0,0,10444800,24180163,0,0,10444800,24180163,0,0,10444800,24180163,0,0,10444800,24180163,0,0,10444800,24180163,0,0,10444800,24180163,0,0,10444800,24180163,0,0,64,193444744,193264557,326400,2897443780,5569356592,0,288,0,24180592,24180592,2899267076.0,2845116753.0,385836.0,704330053.0,2703088089.0,22848000.0,2833638411.0,2775248587.0,193444736,193274405,24180592,0,24180592,1167,773778944.0,772925412.0,6.0,0.0,6350370551270997.0,6350370567741886.0
39,"void kernel_gemm_xdlops_v2r4r2_simplified<GridwiseGemm_bk0mk1_bk0nk1_mn_xdlops_v2r4r2, false, (InMemoryDataOperationEnum)1, BlockToCTileMap_3DGrid_KSplit, PassThrough, PassThrough, PassThrough>(GridwiseGemm_bk0mk1_bk0nk1_mn_xdlops_v2r4r2<256, _Float16, _Float16, float, _Float16, RowMajor, ColumnMajor, RowMajor, PassThrough, PassThrough, PassThrough, (GemmSpecialization)3, 1, 256, 128, 4, 32, 32, 8, 4, 2, Sequence, Sequence, Sequence, 3, 8, 8, false, true, Sequence, Sequence, Sequence, 3, 8, 8, false, true, 1, 1, 8, Sequence, (LoopScheduler)0, (PipelineVersion)0, _Float16, _Float16, _Float16, Argument, BlockToCTileMap_3DGrid_KSplit PassThrough, PassThrough, PassThrough) (kd)",2,20889600,256,25088,0,96,96,32,64,5875200,0,20889600,1958400,2284800,13708800,9692774400,50918400,0.0,0.0,334233600.0,0.0,0.0,0.0,0,0,0.0,84935345.0,0.0,2044.0,64,0,1073979848,2612957,2612957,0,1072609662,2613127,2613127,0,1070573505,2613072,2613072,0,1072098871,2612730,2612730,0,1076262791,2612930,2612930,0,1074818349,2612890,2612890,0,1094393622,2613058,2613058,0,1101233674,2612785,2612785,0,1071906850,2612823,2612823,0,1070164832,2613023,2613023,0,1068305158,2612942,2612942,0,1064987451,2612903,2612903,0,1076172722,2612971,2612971,0,1072842489,2612913,2612913,0,1088243272,2612725,2612725,0,1101202218,2613147,2613147,0,1063940928,2612893,2612893,0,1063753163,2613552,2613552,0,1065456765,2612428,2612428,0,1066397895,2613131,2613131,0,1074259746,2613163,2613163,0,1074504861,2612608,2612608,0,1088249015,2613121,2613121,0,1107477108,2612684,2612684,0,1066082332,2613170,2613170,0,1062601820,2612461,2612461,0,1065211236,2612999,2612999,0,1064220890,2612768,2612768,0,1075618570,2613014,2613014,0,1074122492,2613052,2613052,0,1086042663,2612681,2612681,0,1100079296,2612671,2612671,64,0,0,288,0,50918400,50918417,0,0,24150239,31331880.0,0.0,0.0,22848000.0,1958400.0,0.0,0.0,22848000.0,81600,326400,509,24163718,14867,0,288.0,925.0,0.0,370011901.0,64,20889600,0,0,177561600,0,0,4569600,0.0,0.0,0.0,0.0,326400,0,83487536.0,126473.0,84685837.0,0.0,64,8907980,2654324,1117504,11562304,8906520,2654300,1116020,11560820,8908110,2654268,1117578,11562378,8906482,2654196,1115878,11560678,8907962,2654810,1117972,11562772,8906462,2654313,1115975,11560775,8907930,2654712,1117842,11562642,8906511,2654176,1115887,11560687,8908123,2654168,1117491,11562291,8906453,2654252,1115905,11560705,8908084,2654320,1117604,11562404,8906480,2654213,1115893,11560693,8908046,2654261,1117507,11562307,8906641,2654180,1116021,11560821,8908370,2654302,1117872,11562672,8906497,2654177,1115874,11560674,8907964,2654334,1117498,11562298,8906656,2654145,1116001,11560801,8908184,2654188,1117572,11562372,8906456,2654293,1115949,11560749,8908003,2654321,1117524,11562324,8906547,2654112,1115859,11560659,8908019,2654268,1117487,11562287,8906374,2654281,1115855,11560655,8907888,2654397,1117485,11562285,8906778,2654054,1116032,11560832,8908035,2654316,1117551,11562351,8906463,2654237,1115900,11560700,8907988,2654278,1117466,11562266,8906715,2654132,1116047,11560847,8908182,2654237,1117619,11562419,8906515,2654286,1116001,11560801,64,0,52876800,0,0,0,326400,258508800,2622608985,1938080.0,394668985.0,0.0,396898536.0,348822282.0,22848000.0,0,1475623209,0,64923,83613748.0,83613748.0,0.0,112027.0,64,138712,0,0,2284800,2280621,288,3891,1305600,1462272000.0,1462272000.0,125337600.0,0.0,20889600.0,365568000.0,20889600.0,0.0,47777373,23148866,52204,5409,0,24165592,370006420.0,0.0,285068819.0,84937601.0,64,0.0,64,326400,652800,20889600,1958400,22848000,13708800,0,2284800,0.0,1336934400.0,360.0,396898536.0,0.0,0.0,24667438,0,5760,24172117,1175,35725645.0,0.0,334233600.0,83612370.0,64,5194,0,0,812476961,4099,0,0,812662977,4583,0,0,814993862,4807,0,0,819347463,4171,0,0,810867736,3755,0,0,815416479,4171,0,0,833307308,4480,0,0,845139458,5173,0,0,814782793,4125,0,0,812506836,4238,0,0,807970978,4269,0,0,809243957,4937,0,0,815008879,3938,0,0,815676588,4374,0,0,832636768,4518,0,0,845555588,5245,0,0,804424210,4046,0,0,803269682,4705,0,0,807898681,4438,0,0,810567111,4383,0,0,814092316,3451,0,0,812628861,4223,0,0,830660725,4275,0,0,846309397,4441,0,0,803355126,4468,0,0,803190000,4336,0,0,806112708,4600,0,0,810987751,4886,0,0,812880859,4422,0,0,814445040,4359,0,0,831935943,4231,0,0,847347683,64,35799285.0,0.0,334233600.0,2716447501.0,84935475.0,83612486.0,34452191431.0,26164226222.0,64,2654467,0,0,0,2654390,0,0,0,2654291,0,0,0,2654304,0,0,0,2654479,0,0,0,2654594,0,0,0,2654835,0,0,0,2654198,0,0,0,2654277,0,0,0,2654301,0,0,0,2654381,0,0,0,2654835,0,0,0,2654390,0,0,0,2654299,0,0,0,2654442,0,0,0,2654245,0,0,0,2654444,0,0,0,2654223,0,0,0,2654242,0,0,0,2654316,0,0,0,2654489,0,0,0,2654213,0,0,0,2654346,0,0,0,2654354,0,0,0,2654537,0,0,0,2654225,0,0,0,2654447,0,0,0,2654242,0,0,0,2654433,0,0,0,2654251,0,0,0,2654196,0,0,0,2654131,0,0,0,64,11563892,0,0,11562511,0,0,11563938,0,0,11562409,0,0,11563883,0,0,11562475,0,0,11563938,0,0,11562427,0,0,11563883,0,0,11562393,0,0,11563847,0,0,11562442,0,0,11563865,0,0,11562505,0,0,11563934,0,0,11562427,0,0,11563875,0,0,11562536,0,0,11563938,0,0,11562429,0,0,11563873,0,0,11562409,0,0,11563863,0,0,11562417,0,0,11563872,0,0,11562544,0,0,11563879,0,0,11562413,0,0,11563861,0,0,11562512,0,0,11563950,0,0,11562427,0,0,64,2649223225,298742036,139699200,22848000,102575035,151450201,15993600,0,26193268761.0,10300630561.0,232264480601.0,35692810.0,0.0,2002345490.0,0,379483140,24094596,0.0,0.0,95121.0,0.0,64,5222400,0,0,326400,0,0,0,0,0.0,0.0,0.0,0.0,0.0,0.0,0,1958400,0.0,0.0,0.0,0.0,64,10444800,24157495,0,0,10444800,24157495,0,0,10444800,24157495,0,0,10444800,24157495,0,0,10444800,24157495,0,0,10444800,24157495,0,0,10444800,24157495,0,0,10444800,24157495,0,0,10444800,24157495,0,0,10444800,24157495,0,0,10444800,24157495,0,0,10444800,24157495,0,0,10444800,24157495,0,0,10444800,24157495,0,0,10444800,24157495,0,0,10444800,24157495,0,0,10444800,24157495,0,0,10444800,24157495,0,0,10444800,24157495,0,0,10444800,24157495,0,0,10444800,24157495,0,0,10444800,24157495,0,0,10444800,24157495,0,0,10444800,24157495,0,0,10444800,24157495,0,0,10444800,24157495,0,0,10444800,24157495,0,0,10444800,24157495,0,0,10444800,24157495,0,0,10444800,24157495,0,0,10444800,24157495,0,0,10444800,24157495,0,0,64,193439984,193270229,326400,2897366912,5564926949,0,288,0,24179997,24179997,2899351706.0,2844730242.0,387578.0,702538236.0,2701598025.0,22848000.0,2833215137.0,2774808099.0,193439976,193279683,24179997,0,24179997,1166,773759904.0,772967521.0,6.0,0.0,6350370567741905.0,6350370584204474.0
40,"void kernel_gemm_xdlops_v2r4r2_simplified<GridwiseGemm_bk0mk1_bk0nk1_mn_xdlops_v2r4r2, false, (InMemoryDataOperationEnum)1, BlockToCTileMap_3DGrid_KSplit, PassThrough, PassThrough, PassThrough>(GridwiseGemm_bk0mk1_bk0nk1_mn_xdlops_v2r4r2<256, _Float16, _Float16, float, _Float16, RowMajor, ColumnMajor, RowMajor, PassThrough, PassThrough, PassThrough, (GemmSpecialization)3, 1, 256, 128, 4, 32, 32, 8, 4, 2, Sequence, Sequence, Sequence, 3, 8, 8, false, true, Sequence, Sequence, Sequence, 3, 8, 8, false, true, 1, 1, 8, Sequence, (LoopScheduler)0, (PipelineVersion)0, _Float16, _Float16, _Float16, Argument, BlockToCTileMap_3DGrid_KSplit PassThrough, PassThrough, PassThrough) (kd)",2,20889600,256,25088,0,96,96,32,64,5875200,0,20889600,1958400,2284800,13708800,9692774400,50918400,0.0,0.0,334233600.0,0.0,0.0,0.0,0,0,0.0,84941962.0,0.0,2572.0,64,0,1075135519,2612914,2612914,0,1074195409,2613007,2613007,0,1073294247,2613043,2613043,0,1071534164,2612877,2612877,0,1076661686,2612972,2612972,0,1074208112,2612940,2612940,0,1090493822,2613119,2613119,0,1102832977,2612605,2612605,0,1072379337,2612687,2612687,0,1070580925,2612945,2612945,0,1066850288,2612832,2612832,0,1062321143,2612780,2612780,0,1076099563,2612812,2612812,0,1075790816,2612861,2612861,0,1090211235,2612727,2612727,0,1101968184,2613089,2613089,0,1061927186,2612778,2612778,0,1065246920,2613577,2613577,0,1066694672,2612621,2612621,0,1064035907,2613048,2613048,0,1073080911,2613107,2613107,0,1074042033,2612443,2612443,0,1088976000,2613252,2613252,0,1100387862,2612670,2612670,0,1064173829,2613092,2613092,0,1062543134,2612376,2612376,0,1067367017,2613070,2613070,0,1066677134,2612708,2612708,0,1076099520,2612924,2612924,0,1074148404,2612998,2612998,0,1088434453,2612738,2612738,0,1102340920,2612730,2612730,64,0,0,288,0,50918400,50918421,0,0,24156250,31331880.0,0.0,0.0,22848000.0,1958400.0,0.0,0.0,22848000.0,81600,326400,429,24169010,14968,0,288.0,1024.0,0.0,369954450.0,64,20889600,0,0,177561600,0,0,4569600,0.0,0.0,0.0,0.0,326400,0,83490460.0,126225.0,84685115.0,2.0,64,8908159,2654331,1117690,11562490,8908820,2654187,1118207,11563007,8908353,2654198,1117751,11562551,8908693,2654171,1118064,11562864,8908030,2654865,1118095,11562895,8908674,2654274,1118148,11562948,8908103,2654701,1118004,11562804,8908855,2654039,1118094,11562894,8908291,2654143,1117634,11562434,8908714,2654187,1118101,11562901,8908163,2654366,1117729,11562529,8908768,2654120,1118088,11562888,8908175,2654288,1117663,11562463,8908894,2654142,1118236,11563036,8908585,2654207,1117992,11562792,8908826,2654106,1118132,11562932,8908105,2654366,1117671,11562471,8908971,2654038,1118209,11563009,8908470,2654079,1117749,11562549,8908751,2654136,1118087,11562887,8908110,2654348,1117658,11562458,8908818,2654064,1118082,11562882,8908144,2654287,1117631,11562431,8908749,2654149,1118098,11562898,8908031,2654424,1117655,11562455,8908967,2654037,1118204,11563004,8908183,2654282,1117665,11562465,8908812,2654101,1118113,11562913,8908063,2654370,1117633,11562433,8908908,2654085,1118193,11562993,8908431,2654149,1117780,11562580,8908794,2654212,1118206,11563006,64,0,52876800,0,0,0,326400,258508800,2622509375,1934091.0,394672368.0,0.0,396898536.0,348011039.0,22848000.0,0,1462128164,0,68205,83616019.0,83616019.0,0.0,129859.0,64,147060,0,0,2284800,2280755,288,3757,1305600,1462272000.0,1462272000.0,125337600.0,0.0,20889600.0,365568000.0,20889600.0,0.0,47785127,22961241,51208,5425,0,24151986,369945171.0,0.0,285009807.0,84935364.0,64,0.0,64,326400,652800,20889600,1958400,22848000,13708800,0,2284800,0.0,1336934400.0,360.0,396898536.0,0.0,0.0,25027254,0,6231,24165072,1157,35776265.0,0.0,334233600.0,83612522.0,64,4398,0,0,813188967,3734,0,0,810917166,3862,0,0,813102621,3940,0,0,814826688,4957,0,0,814164370,3892,0,0,813086492,4444,0,0,834959151,3489,0,0,845251323,4658,0,0,809383418,4492,0,0,810701922,4262,0,0,808374554,4006,0,0,806223701,4422,0,0,812365360,3810,0,0,810842942,4327,0,0,830340214,4001,0,0,843131408,4182,0,0,802004578,3797,0,0,800567429,4066,0,0,808073151,3607,0,0,806912790,4122,0,0,812957834,4137,0,0,813823452,4311,0,0,830680660,4019,0,0,844570795,4290,0,0,804855454,4294,0,0,800808391,4720,0,0,807557408,3512,0,0,808245768,4657,0,0,814813420,4619,0,0,812470693,4359,0,0,833641276,4167,0,0,845436799,64,35771254.0,0.0,334233600.0,2717141076.0,84937562.0,83612947.0,34434868230.0,26139681117.0,64,2654381,0,0,0,2654363,0,0,0,2654128,0,0,0,2654326,0,0,0,2654349,0,0,0,2654476,0,0,0,2654641,0,0,0,2654325,0,0,0,2654175,0,0,0,2654351,0,0,0,2654224,0,0,0,2654774,0,0,0,2654311,0,0,0,2654272,0,0,0,2654238,0,0,0,2654217,0,0,0,2654325,0,0,0,2654251,0,0,0,2654103,0,0,0,2654212,0,0,0,2654326,0,0,0,2654191,0,0,0,2654199,0,0,0,2654248,0,0,0,2654388,0,0,0,2654183,0,0,0,2654261,0,0,0,2654233,0,0,0,2654293,0,0,0,2654268,0,0,0,2654030,0,0,0,2654123,0,0,0,64,11564364,0,0,11563285,0,0,11564515,0,0,11563149,0,0,11564438,0,0,11563193,0,0,11564509,0,0,11563170,0,0,11564374,0,0,11563163,0,0,11564442,0,0,11563154,0,0,11564409,0,0,11563279,0,0,11564485,0,0,11563133,0,0,11564409,0,0,11563306,0,0,11564482,0,0,11563169,0,0,11564457,0,0,11563124,0,0,11564388,0,0,11563143,0,0,11564428,0,0,11563269,0,0,11564448,0,0,11563132,0,0,11564409,0,0,11563288,0,0,11564469,0,0,11563136,0,0,64,2639578496,298741699,139699200,22848000,102574709,151450190,15993600,0,26190103133.0,10278613972.0,232200406984.0,35727874.0,0.0,2000710434.0,0,365009625,24109304,0.0,0.0,117704.0,0.0,64,5222400,0,0,326400,0,0,0,0,0.0,0.0,0.0,0.0,0.0,0.0,0,1958400,0.0,0.0,0.0,3.0,64,10444800,24183636,0,0,10444800,24183636,0,0,10444800,24183636,0,0,10444800,24183636,0,0,10444800,24183636,0,0,10444800,24183636,0,0,10444800,24183636,0,0,10444800,24183636,0,0,10444800,24183636,0,0,10444800,24183636,0,0,10444800,24183636,0,0,10444800,24183636,0,0,10444800,24183636,0,0,10444800,24183636,0,0,10444800,24183636,0,0,10444800,24183636,0,0,10444800,24183636,0,0,10444800,24183636,0,0,10444800,24183636,0,0,10444800,24183636,0,0,10444800,24183636,0,0,10444800,24183636,0,0,10444800,24183636,0,0,10444800,24183636,0,0,10444800,24183636,0,0,10444800,24183636,0,0,10444800,24183636,0,0,10444800,24183636,0,0,10444800,24183636,0,0,10444800,24183636,0,0,10444800,24183636,0,0,10444800,24183636,0,0,64,193603888,193439961,326400,2899925289,5577066691,0,288,0,24200485,24200485,2901898196.0,2847979907.0,388712.0,707902587.0,2705862188.0,22848000.0,2836587724.0,2778227500.0,193603880,193449813,24200485,0,24200485,1146,774415520.0,773604188.0,6.0,0.0,6350370584204474.0,6350370600667199.0
41,"void kernel_gemm_xdlops_v2r4r2_simplified<GridwiseGemm_bk0mk1_bk0nk1_mn_xdlops_v2r4r2, false, (InMemoryDataOperationEnum)1, BlockToCTileMap_3DGrid_KSplit, PassThrough, PassThrough, PassThrough>(GridwiseGemm_bk0mk1_bk0nk1_mn_xdlops_v2r4r2<256, _Float16, _Float16, float, _Float16, RowMajor, ColumnMajor, RowMajor, PassThrough, PassThrough, PassThrough, (GemmSpecialization)3, 1, 256, 128, 4, 32, 32, 8, 4, 2, Sequence, Sequence, Sequence, 3, 8, 8, false, true, Sequence, Sequence, Sequence, 3, 8, 8, false, true, 1, 1, 8, Sequence, (LoopScheduler)0, (PipelineVersion)0, _Float16, _Float16, _Float16, Argument, BlockToCTileMap_3DGrid_KSplit PassThrough, PassThrough, PassThrough) (kd)",2,20889600,256,25088,0,96,96,32,64,5875200,0,20889600,1958400,2284800,13708800,9692774400,50918400,0.0,0.0,334233600.0,0.0,0.0,0.0,0,0,0.0,84937089.0,0.0,1952.0,64,0,1074398718,2612950,2612950,0,1072063534,2613319,2613319,0,1073584380,2613026,2613026,0,1070456968,2612693,2612693,0,1073930484,2612788,2612788,0,1074458022,2612993,2612993,0,1091341774,2613086,2613086,0,1100940617,2612660,2612660,0,1071288607,2612749,2612749,0,1071370878,2613106,2613106,0,1069659229,2612839,2612839,0,1066383097,2612816,2612816,0,1073999013,2612995,2612995,0,1073940981,2612954,2612954,0,1087562397,2612789,2612789,0,1101168529,2613220,2613220,0,1062780291,2612805,2612805,0,1062361560,2613570,2613570,0,1063397787,2612610,2612610,0,1066044012,2613271,2613271,0,1072309164,2612994,2612994,0,1070972963,2612617,2612617,0,1088434066,2613336,2613336,0,1101973872,2612746,2612746,0,1065038272,2613103,2613103,0,1060339012,2612498,2612498,0,1067028519,2613040,2613040,0,1065384125,2612770,2612770,0,1074348758,2613055,2613055,0,1072102028,2612933,2612933,0,1090818901,2612685,2612685,0,1101779541,2612582,2612582,64,0,0,288,0,50918400,50918427,0,0,24166868,31331880.0,0.0,0.0,22848000.0,1958400.0,0.0,0.0,22848000.0,81600,326400,509,24180286,15012,0,288.0,901.0,0.0,370038118.0,64,20889600,0,0,177561600,0,0,4569600,0.0,0.0,0.0,0.0,326400,0,83489391.0,126898.0,84685364.0,0.0,64,8908410,2654486,1118096,11562896,8908711,2654334,1118245,11563045,8908697,2654291,1118188,11562988,8908558,2654357,1118115,11562915,8908383,2655033,1118616,11563416,8908519,2654425,1118144,11562944,8908434,2654789,1118423,11563223,8908649,2654232,1118081,11562881,8908941,2654258,1118399,11563199,8908560,2654318,1118078,11562878,8908622,2654418,1118240,11563040,8908661,2654233,1118094,11562894,8908542,2654344,1118086,11562886,8908793,2654263,1118256,11563056,8908667,2654340,1118207,11563007,8908591,2654277,1118068,11562868,8908489,2654398,1118087,11562887,8908785,2654239,1118224,11563024,8908844,2654171,1118215,11563015,8908597,2654296,1118093,11562893,8908472,2654447,1118119,11562919,8908665,2654243,1118108,11562908,8908600,2654305,1118105,11562905,8908574,2654317,1118091,11562891,8908431,2654484,1118115,11562915,8908843,2654190,1118233,11563033,8908564,2654414,1118178,11562978,8908545,2654331,1118076,11562876,8908453,2654452,1118105,11562905,8908853,2654187,1118240,11563040,8908777,2654211,1118188,11562988,8908644,2654431,1118275,11563075,64,0,52876800,0,0,0,326400,258508800,2623926079,1937871.0,394669510.0,0.0,396898536.0,349007550.0,22848000.0,0,1445540801,0,67531,83611929.0,83611929.0,0.0,93995.0,64,162697,0,0,2284800,2280794,288,3718,1305600,1462272000.0,1462272000.0,125337600.0,0.0,20889600.0,365568000.0,20889600.0,0.0,47771894,23009813,51731,5599,0,24153689,370015590.0,0.0,285078625.0,84936965.0,64,0.0,64,326400,652800,20889600,1958400,22848000,13708800,0,2284800,0.0,1336934400.0,360.0,396898536.0,0.0,0.0,25016408,0,5724,24177094,1176,35790865.0,0.0,334233600.0,83613980.0,64,4613,0,0,813686742,3153,0,0,812530310,4277,0,0,818396053,3941,0,0,815123523,4696,0,0,817012067,3696,0,0,812772222,4228,0,0,833917645,4028,0,0,847282325,4640,0,0,812986482,3619,0,0,811952111,3789,0,0,806724132,4023,0,0,806034752,4589,0,0,812788459,3566,0,0,815289733,3955,0,0,828877812,3885,0,0,846713846,4021,0,0,802600448,3295,0,0,804275211,4137,0,0,807459151,4449,0,0,809637280,4204,0,0,815302359,3396,0,0,812827968,4144,0,0,828214261,4270,0,0,845525287,4560,0,0,804901490,3469,0,0,802772983,4474,0,0,808062477,4261,0,0,807145180,5104,0,0,811660167,3786,0,0,812287016,4274,0,0,833746721,4095,0,0,845863611,64,35821303.0,0.0,334233600.0,2715478092.0,84938837.0,83614534.0,34445831900.0,26158386530.0,64,2654435,0,0,0,2654262,0,0,0,2654314,0,0,0,2654277,0,0,0,2654414,0,0,0,2654360,0,0,0,2654803,0,0,0,2654305,0,0,0,2654192,0,0,0,2654292,0,0,0,2654410,0,0,0,2654649,0,0,0,2654344,0,0,0,2654174,0,0,0,2654276,0,0,0,2654171,0,0,0,2654368,0,0,0,2654158,0,0,0,2654142,0,0,0,2654172,0,0,0,2654416,0,0,0,2654201,0,0,0,2654368,0,0,0,2654248,0,0,0,2654440,0,0,0,2654121,0,0,0,2654433,0,0,0,2654280,0,0,0,2654431,0,0,0,2654181,0,0,0,2654175,0,0,0,2654079,0,0,0,64,11562640,0,0,11561275,0,0,11562743,0,0,11561079,0,0,11562680,0,0,11561180,0,0,11562758,0,0,11561044,0,0,11562673,0,0,11561097,0,0,11562640,0,0,11561116,0,0,11562703,0,0,11561218,0,0,11562737,0,0,11561079,0,0,11562683,0,0,11561199,0,0,11562768,0,0,11561091,0,0,11562677,0,0,11561082,0,0,11562681,0,0,11561129,0,0,11562650,0,0,11561237,0,0,11562746,0,0,11561077,0,0,11562651,0,0,11561227,0,0,11562759,0,0,11561109,0,0,64,2651152947,298741094,139699200,22848000,102574126,151450168,15993600,0,26188451814.0,10272263400.0,232253354796.0,35734145.0,0.0,2003053096.0,0,381544590,24090327,0.0,0.0,135473.0,0.0,64,5222400,0,0,326400,0,0,0,0,0.0,0.0,0.0,0.0,0.0,0.0,0,1958400,0.0,0.0,0.0,2.0,64,10444800,24189768,0,0,10444800,24189768,0,0,10444800,24189768,0,0,10444800,24189768,0,0,10444800,24189768,0,0,10444800,24189768,0,0,10444800,24189768,0,0,10444800,24189768,0,0,10444800,24189768,0,0,10444800,24189768,0,0,10444800,24189768,0,0,10444800,24189768,0,0,10444800,24189768,0,0,10444800,24189768,0,0,10444800,24189768,0,0,10444800,24189768,0,0,10444800,24189768,0,0,10444800,24189768,0,0,10444800,24189768,0,0,10444800,24189768,0,0,10444800,24189768,0,0,10444800,24189768,0,0,10444800,24189768,0,0,10444800,24189768,0,0,10444800,24189768,0,0,10444800,24189768,0,0,10444800,24189768,0,0,10444800,24189768,0,0,10444800,24189768,0,0,10444800,24189768,0,0,10444800,24189768,0,0,10444800,24189768,0,0,64,193535280,193368023,326400,2898729041,5575953524,0,288,0,24191909,24191909,2900818514.0,2846830306.0,387951.0,705247664.0,2704603336.0,22848000.0,2835419760.0,2777049623.0,193535272,193377403,24191909,0,24191909,1131,774141088.0,773324099.0,6.0,0.0,6350370600667199.0,6350370617116805.0
42,"void kernel_gemm_xdlops_v2r4r2_simplified<GridwiseGemm_bk0mk1_bk0nk1_mn_xdlops_v2r4r2, false, (InMemoryDataOperationEnum)1, BlockToCTileMap_3DGrid_KSplit, PassThrough, PassThrough, PassThrough>(GridwiseGemm_bk0mk1_bk0nk1_mn_xdlops_v2r4r2<256, _Float16, _Float16, float, _Float16, RowMajor, ColumnMajor, RowMajor, PassThrough, PassThrough, PassThrough, (GemmSpecialization)3, 1, 256, 128, 4, 32, 32, 8, 4, 2, Sequence, Sequence, Sequence, 3, 8, 8, false, true, Sequence, Sequence, Sequence, 3, 8, 8, false, true, 1, 1, 8, Sequence, (LoopScheduler)0, (PipelineVersion)0, _Float16, _Float16, _Float16, Argument, BlockToCTileMap_3DGrid_KSplit PassThrough, PassThrough, PassThrough) (kd)",2,20889600,256,25088,0,96,96,32,64,5875200,0,20889600,1958400,2284800,13708800,9692774400,50918400,0.0,0.0,334233600.0,0.0,0.0,0.0,0,0,0.0,84935509.0,0.0,1924.0,64,0,1074623652,2613216,2613216,0,1071971921,2613332,2613332,0,1072221017,2613239,2613239,0,1072424763,2612955,2612955,0,1076904693,2612865,2612865,0,1072781828,2613028,2613028,0,1093168729,2613265,2613265,0,1102169725,2612833,2612833,0,1070378241,2612804,2612804,0,1070191400,2613008,2613008,0,1065719376,2613107,2613107,0,1066570962,2612831,2612831,0,1076719616,2613005,2613005,0,1075578569,2612923,2612923,0,1088574607,2613004,2613004,0,1101312648,2613413,2613413,0,1064749418,2612797,2612797,0,1063754757,2613553,2613553,0,1064348262,2612726,2612726,0,1065244734,2613111,2613111,0,1073436350,2613045,2613045,0,1074748516,2612687,2612687,0,1087817137,2613476,2613476,0,1100308060,2612768,2612768,0,1066426967,2613214,2613214,0,1060435741,2612498,2612498,0,1065289602,2613097,2613097,0,1066673705,2612800,2612800,0,1076061838,2613205,2613205,0,1073059116,2613125,2613125,0,1088708278,2612793,2612793,0,1100628282,2612786,2612786,64,0,0,288,0,50918400,50918421,0,0,24177492,31331880.0,0.0,0.0,22848000.0,1958400.0,0.0,0.0,22848000.0,81600,326400,429,24190262,15181,0,288.0,1192.0,0.0,369987650.0,64,20889600,0,0,177561600,0,0,4569600,0.0,0.0,0.0,0.0,326400,0,83490265.0,121288.0,84681227.0,0.0,64,8907166,2654221,1116587,11561387,8908046,2654312,1117558,11562358,8907321,2654147,1116668,11561468,8907980,2654306,1117486,11562286,8907086,2654761,1117047,11561847,8907909,2654422,1117531,11562331,8907112,2654579,1116891,11561691,8908087,2654180,1117467,11562267,8907572,2654099,1116871,11561671,8908022,2654251,1117473,11562273,8907157,2654242,1116599,11561399,8908048,2654220,1117468,11562268,8907236,2654163,1116599,11561399,8908101,2654287,1117588,11562388,8907286,2654180,1116666,11561466,8908123,2654150,1117473,11562273,8907195,2654221,1116616,11561416,8908150,2654229,1117579,11562379,8907415,2654040,1116655,11561455,8908099,2654172,1117471,11562271,8907163,2654241,1116604,11561404,8908178,2654112,1117490,11562290,8907136,2654255,1116591,11561391,8908049,2654233,1117482,11562282,8907063,2654321,1116584,11561384,8908220,2654165,1117585,11562385,8907234,2654183,1116617,11561417,8908059,2654221,1117480,11562280,8907168,2654215,1116583,11561383,8908248,2654174,1117622,11562422,8907398,2654103,1116701,11561501,8908142,2654362,1117704,11562504,64,0,52876800,0,0,0,326400,258508800,2622222880,1940288.0,394666592.0,0.0,396898536.0,348191639.0,22848000.0,0,1463916196,0,64412,83612243.0,83612243.0,0.0,95327.0,64,145207,0,0,2284800,2280841,288,3671,1305600,1462272000.0,1462272000.0,125337600.0,0.0,20889600.0,365568000.0,20889600.0,0.0,47718959,22902891,51443,5596,0,24138796,370009628.0,0.0,285071441.0,84938187.0,64,0.0,64,326400,652800,20889600,1958400,22848000,13708800,0,2284800,0.0,1336934400.0,360.0,396898536.0,0.0,0.0,24909370,0,5748,24166885,1148,35759031.0,0.0,334233600.0,83614531.0,64,4464,0,0,817444982,4586,0,0,812743566,4332,0,0,818775836,4102,0,0,816673178,4291,0,0,817479683,4059,0,0,812498402,3594,0,0,832294722,4230,0,0,843885452,4405,0,0,812901081,3616,0,0,815883204,4844,0,0,810895281,4041,0,0,807282971,4535,0,0,813181667,3683,0,0,813263111,4161,0,0,827536038,4147,0,0,845568632,4749,0,0,803243987,3455,0,0,802612949,4192,0,0,803272415,4186,0,0,809382940,4506,0,0,815432807,3445,0,0,816022443,4706,0,0,831834821,4054,0,0,847085445,4599,0,0,804471916,4144,0,0,801089337,4017,0,0,806413723,3899,0,0,808869768,4800,0,0,815526820,3640,0,0,815472666,4537,0,0,833948259,4079,0,0,846075089,64,35781548.0,0.0,334233600.0,2716501269.0,84934444.0,83615894.0,34417137017.0,26173968993.0,64,2654342,0,0,0,2654390,0,0,0,2654262,0,0,0,2654265,0,0,0,2654409,0,0,0,2654491,0,0,0,2654743,0,0,0,2654317,0,0,0,2654206,0,0,0,2654380,0,0,0,2654288,0,0,0,2654609,0,0,0,2654292,0,0,0,2654316,0,0,0,2654277,0,0,0,2654221,0,0,0,2654368,0,0,0,2654313,0,0,0,2654157,0,0,0,2654245,0,0,0,2654368,0,0,0,2654289,0,0,0,2654226,0,0,0,2654392,0,0,0,2654422,0,0,0,2654225,0,0,0,2654366,0,0,0,2654246,0,0,0,2654363,0,0,0,2654232,0,0,0,2654142,0,0,0,2654153,0,0,0,64,11562776,0,0,11561946,0,0,11562852,0,0,11561816,0,0,11562748,0,0,11561907,0,0,11562833,0,0,11561860,0,0,11562789,0,0,11561800,0,0,11562729,0,0,11561850,0,0,11562783,0,0,11561939,0,0,11562866,0,0,11561839,0,0,11562746,0,0,11561958,0,0,11562855,0,0,11561817,0,0,11562753,0,0,11561838,0,0,11562722,0,0,11561841,0,0,11562735,0,0,11561988,0,0,11562817,0,0,11561810,0,0,11562745,0,0,11561971,0,0,11562841,0,0,11561834,0,0,64,2643814023,298741399,139699200,22848000,102574320,151450279,15993600,0,26187035949.0,10226665047.0,232287262232.0,35684620.0,0.0,2001969414.0,0,373996815,24100083,0.0,0.0,128057.0,0.0,64,5222400,0,0,326400,0,0,0,0,0.0,0.0,0.0,0.0,0.0,0.0,0,1958400,0.0,0.0,0.0,2.0,64,10444800,24172939,0,0,10444800,24172939,0,0,10444800,24172939,0,0,10444800,24172939,0,0,10444800,24172939,0,0,10444800,24172939,0,0,10444800,24172939,0,0,10444800,24172939,0,0,10444800,24172939,0,0,10444800,24172939,0,0,10444800,24172939,0,0,10444800,24172939,0,0,10444800,24172939,0,0,10444800,24172939,0,0,10444800,24172939,0,0,10444800,24172939,0,0,10444800,24172939,0,0,10444800,24172939,0,0,10444800,24172939,0,0,10444800,24172939,0,0,10444800,24172939,0,0,10444800,24172939,0,0,10444800,24172939,0,0,10444800,24172939,0,0,10444800,24172939,0,0,10444800,24172939,0,0,10444800,24172939,0,0,10444800,24172939,0,0,10444800,24172939,0,0,10444800,24172939,0,0,10444800,24172939,0,0,10444800,24172939,0,0,64,193560976,193423951,326400,2899484020,5571492004,0,288,0,24195121,24195121,2901658076.0,2847008192.0,387204.0,705640563.0,2704288361.0,22848000.0,2835520214.0,2777125233.0,193560968,193433805,24195121,0,24195121,1157,774243872.0,773463228.0,6.0,0.0,6350370617116805.0,6350370633566731.0
43,"void kernel_gemm_xdlops_v2r4r2_simplified<GridwiseGemm_bk0mk1_bk0nk1_mn_xdlops_v2r4r2, false, (InMemoryDataOperationEnum)1, BlockToCTileMap_3DGrid_KSplit, PassThrough, PassThrough, PassThrough>(GridwiseGemm_bk0mk1_bk0nk1_mn_xdlops_v2r4r2<256, _Float16, _Float16, float, _Float16, RowMajor, ColumnMajor, RowMajor, PassThrough, PassThrough, PassThrough, (GemmSpecialization)3, 1, 256, 128, 4, 32, 32, 8, 4, 2, Sequence, Sequence, Sequence, 3, 8, 8, false, true, Sequence, Sequence, Sequence, 3, 8, 8, false, true, 1, 1, 8, Sequence, (LoopScheduler)0, (PipelineVersion)0, _Float16, _Float16, _Float16, Argument, BlockToCTileMap_3DGrid_KSplit PassThrough, PassThrough, PassThrough) (kd)",2,20889600,256,25088,0,96,96,32,64,5875200,0,20889600,1958400,2284800,13708800,9692774400,50918400,0.0,0.0,334233600.0,0.0,0.0,0.0,0,0,0.0,84938156.0,0.0,1858.0,64,0,1073567781,2613031,2613031,0,1072776201,2613307,2613307,0,1073353788,2613259,2613259,0,1071107614,2612672,2612672,0,1074055429,2613002,2613002,0,1075964610,2612990,2612990,0,1092219736,2613165,2613165,0,1101785526,2612660,2612660,0,1072783460,2612989,2612989,0,1069450559,2613080,2613080,0,1069835279,2613296,2613296,0,1063814536,2612751,2612751,0,1072875100,2613030,2613030,0,1073470117,2612933,2612933,0,1089088266,2613035,2613035,0,1102830277,2613288,2613288,0,1064526789,2612928,2612928,0,1063601002,2613549,2613549,0,1063880476,2612693,2612693,0,1065232025,2613211,2613211,0,1074395487,2613195,2613195,0,1073749167,2612678,2612678,0,1088704073,2613487,2613487,0,1102879283,2612686,2612686,0,1067291991,2613334,2613334,0,1064499540,2612463,2612463,0,1066138575,2613211,2613211,0,1065363826,2612761,2612761,0,1075045862,2613158,2613158,0,1072194170,2613123,2613123,0,1088248081,2612821,2612821,0,1101933590,2612768,2612768,64,0,0,288,0,50918400,50918421,0,0,24177247,31331880.0,0.0,0.0,22848000.0,1958400.0,0.0,0.0,22848000.0,81600,326400,509,24190624,14826,0,288.0,1278.0,0.0,369977279.0,64,20889600,0,0,177561600,0,0,4569600,0.0,0.0,0.0,0.0,326400,0,83489775.0,126261.0,84682407.0,0.0,64,8908799,2654382,1118381,11563181,8906090,2654346,1115636,11560436,8908967,2654284,1118451,11563251,8906019,2654262,1115481,11560281,8908720,2654977,1118897,11563697,8905946,2654433,1115579,11560379,8908683,2654798,1118681,11563481,8906097,2654207,1115504,11560304,8908992,2654193,1118385,11563185,8905972,2654321,1115493,11560293,8908889,2654343,1118432,11563232,8906062,2654222,1115484,11560284,8908865,2654280,1118345,11563145,8906180,2654283,1115663,11560463,8908884,2654389,1118473,11563273,8906062,2654220,1115482,11560282,8908806,2654347,1118353,11563153,8906142,2654281,1115623,11560423,8909006,2654223,1118429,11563229,8906054,2654254,1115508,11560308,8908972,2654478,1118650,11563450,8906075,2654201,1115476,11560276,8908911,2654233,1118344,11563144,8906047,2654270,1115517,11560317,8908704,2654464,1118368,11563168,8906282,2654152,1115634,11560434,8908816,2654411,1118427,11563227,8906046,2654236,1115482,11560282,8908707,2654426,1118333,11563133,8906220,2654198,1115618,11560418,8909023,2654234,1118457,11563257,8906184,2654283,1115667,11560467,64,0,52876800,0,0,0,326400,258508800,2624156075,1936935.0,394670522.0,0.0,396898536.0,348127323.0,22848000.0,0,1462290263,0,65066,83617010.0,83617010.0,0.0,138500.0,64,151534,0,0,2284800,2280792,288,3720,1305600,1462272000.0,1462272000.0,125337600.0,0.0,20889600.0,365568000.0,20889600.0,0.0,47775259,23264030,51127,5402,0,24144469,369975042.0,0.0,285039475.0,84935567.0,64,0.0,64,326400,652800,20889600,1958400,22848000,13708800,0,2284800,0.0,1336934400.0,360.0,396898536.0,0.0,0.0,25040046,0,5792,24179861,1627,35797790.0,0.0,334233600.0,83611451.0,64,4483,0,0,812367359,3917,0,0,811038995,3935,0,0,814108446,3465,0,0,814851095,4124,0,0,815242697,3419,0,0,815264798,3929,0,0,833072923,3819,0,0,844812326,4182,0,0,811452853,3752,0,0,811454214,3922,0,0,810108593,4027,0,0,806670444,4214,0,0,815815437,3502,0,0,813530722,4225,0,0,830046680,3231,0,0,845711555,3993,0,0,807345038,3752,0,0,802969254,3710,0,0,805850576,3145,0,0,809170989,4548,0,0,812916293,3671,0,0,812893664,4292,0,0,831073169,3375,0,0,845080555,4487,0,0,803225078,3368,0,0,801924797,3898,0,0,807745288,3246,0,0,807129392,4094,0,0,813983221,3382,0,0,811079716,4073,0,0,831520708,3696,0,0,844468421,64,35771901.0,0.0,334233600.0,2716752714.0,84937516.0,83616453.0,34444591164.0,26157258841.0,64,2654286,0,0,0,2654406,0,0,0,2654259,0,0,0,2654358,0,0,0,2654502,0,0,0,2654619,0,0,0,2654756,0,0,0,2654247,0,0,0,2654215,0,0,0,2654379,0,0,0,2654293,0,0,0,2654753,0,0,0,2654332,0,0,0,2654321,0,0,0,2654311,0,0,0,2654258,0,0,0,2654446,0,0,0,2654285,0,0,0,2654173,0,0,0,2654248,0,0,0,2654409,0,0,0,2654360,0,0,0,2654336,0,0,0,2654221,0,0,0,2654604,0,0,0,2654292,0,0,0,2654366,0,0,0,2654253,0,0,0,2654405,0,0,0,2654241,0,0,0,2654180,0,0,0,2654195,0,0,0,64,11562897,0,0,11561959,0,0,11562990,0,0,11561862,0,0,11562870,0,0,11561924,0,0,11562980,0,0,11561833,0,0,11562901,0,0,11561851,0,0,11562930,0,0,11561823,0,0,11562881,0,0,11561985,0,0,11562990,0,0,11561850,0,0,11562904,0,0,11561955,0,0,11562982,0,0,11561791,0,0,11562891,0,0,11561823,0,0,11562887,0,0,11561809,0,0,11562889,0,0,11561966,0,0,11562964,0,0,11561818,0,0,11562905,0,0,11561957,0,0,11562979,0,0,11561813,0,0,64,2647647089,298741948,139699200,22848000,102574898,151450250,15993600,0,26213083360.0,10324846817.0,232352763972.0,35770514.0,0.0,2003449585.0,0,375797505,24115603,0.0,0.0,98696.0,0.0,64,5222400,0,0,326400,0,0,0,0,0.0,0.0,0.0,0.0,0.0,0.0,0,1958400,0.0,0.0,0.0,3.0,64,10444800,24164587,0,0,10444800,24164587,0,0,10444800,24164587,0,0,10444800,24164587,0,0,10444800,24164587,0,0,10444800,24164587,0,0,10444800,24164587,0,0,10444800,24164587,0,0,10444800,24164587,0,0,10444800,24164587,0,0,10444800,24164587,0,0,10444800,24164587,0,0,10444800,24164587,0,0,10444800,24164587,0,0,10444800,24164587,0,0,10444800,24164587,0,0,10444800,24164587,0,0,10444800,24164587,0,0,10444800,24164587,0,0,10444800,24164587,0,0,10444800,24164587,0,0,10444800,24164587,0,0,10444800,24164587,0,0,10444800,24164587,0,0,10444800,24164587,0,0,10444800,24164587,0,0,10444800,24164587,0,0,10444800,24164587,0,0,10444800,24164587,0,0,10444800,24164587,0,0,10444800,24164587,0,0,10444800,24164587,0,0,64,193419472,193275173,326400,2897351835,5572006646,0,288,0,24177433,24177433,2899426186.0,2845434941.0,388458.0,703796213.0,2703418081.0,22848000.0,2834030565.0,2775668595.0,193419464,193284835,24177433,0,24177433,1144,773677856.0,772901637.0,6.0,0.0,6350370633566965.0,6350370650023615.0
44,"void kernel_gemm_xdlops_v2r4r2_simplified<GridwiseGemm_bk0mk1_bk0nk1_mn_xdlops_v2r4r2, false, (InMemoryDataOperationEnum)1, BlockToCTileMap_3DGrid_KSplit, PassThrough, PassThrough, PassThrough>(GridwiseGemm_bk0mk1_bk0nk1_mn_xdlops_v2r4r2<256, _Float16, _Float16, float, _Float16, RowMajor, ColumnMajor, RowMajor, PassThrough, PassThrough, PassThrough, (GemmSpecialization)3, 1, 256, 128, 4, 32, 32, 8, 4, 2, Sequence, Sequence, Sequence, 3, 8, 8, false, true, Sequence, Sequence, Sequence, 3, 8, 8, false, true, 1, 1, 8, Sequence, (LoopScheduler)0, (PipelineVersion)0, _Float16, _Float16, _Float16, Argument, BlockToCTileMap_3DGrid_KSplit PassThrough, PassThrough, PassThrough) (kd)",2,20889600,256,25088,0,96,96,32,64,5875200,0,20889600,1958400,2284800,13708800,9692774400,50918400,0.0,0.0,334233600.0,0.0,0.0,0.0,0,0,0.0,84942796.0,0.0,2250.0,64,0,1073958421,2613037,2613037,0,1070150710,2613100,2613100,0,1072793927,2613071,2613071,0,1072302917,2612863,2612863,0,1073110319,2612995,2612995,0,1073602792,2612991,2612991,0,1093792403,2613074,2613074,0,1099660828,2612804,2612804,0,1072760673,2612813,2612813,0,1068799938,2613098,2613098,0,1068976596,2613111,2613111,0,1062805263,2612801,2612801,0,1074161892,2613048,2613048,0,1076296117,2612958,2612958,0,1086189759,2613069,2613069,0,1099806831,2613296,2613296,0,1065471899,2612916,2612916,0,1064182957,2613466,2613466,0,1065909192,2612795,2612795,0,1065130694,2613110,2613110,0,1074391483,2613034,2613034,0,1072215052,2612673,2612673,0,1089706999,2613435,2613435,0,1101976401,2612789,2612789,0,1065772777,2613159,2613159,0,1061503645,2612534,2612534,0,1066981538,2613094,2613094,0,1065070165,2612838,2612838,0,1075261926,2612992,2612992,0,1072519368,2612999,2612999,0,1090186289,2612814,2612814,0,1101195179,2612781,2612781,64,0,0,288,0,50918400,50918412,0,0,24184161,31331880.0,0.0,0.0,22848000.0,1958400.0,0.0,0.0,22848000.0,81600,326400,429,24196909,14813,0,288.0,1162.0,0.0,369982829.0,64,20889600,0,0,177561600,0,0,4569600,0.0,0.0,0.0,0.0,326400,0,83487221.0,125038.0,84680369.0,0.0,64,8908404,2654104,1117708,11562508,8907554,2654108,1116862,11561662,8908484,2654112,1117796,11562596,8907440,2654093,1116733,11561533,8908342,2654683,1118225,11563025,8907454,2654143,1116797,11561597,8908305,2654570,1118075,11562875,8907533,2653997,1116730,11561530,8908497,2654033,1117730,11562530,8907430,2654117,1116747,11561547,8908410,2654197,1117807,11562607,8907452,2654074,1116726,11561526,8908416,2654094,1117710,11562510,8907570,2654066,1116836,11561636,8908491,2654112,1117803,11562603,8907445,2654103,1116748,11561548,8908398,2654161,1117759,11562559,8907595,2654073,1116868,11561668,8908597,2654001,1117798,11562598,8907455,2654098,1116753,11561553,8908627,2654237,1118064,11562864,8907473,2654053,1116726,11561526,8908384,2654146,1117730,11562530,8907475,2654092,1116767,11561567,8908295,2654239,1117734,11562534,8907715,2653970,1116885,11561685,8908418,2654185,1117803,11562603,8907452,2654057,1116709,11561509,8908321,2654211,1117732,11562532,8907710,2653969,1116879,11561679,8908562,2654036,1117798,11562598,8907567,2654169,1116936,11561736,64,0,52876800,0,0,0,326400,258508800,2624223935,1936662.0,394670432.0,0.0,396898536.0,348238947.0,22848000.0,0,1442682737,0,66064,83615544.0,83615544.0,0.0,127133.0,64,154867,0,0,2284800,2280774,288,3738,1305600,1462272000.0,1462272000.0,125337600.0,0.0,20889600.0,365568000.0,20889600.0,0.0,47811631,22685490,52114,5412,0,24177178,370054557.0,0.0,285116128.0,84938429.0,64,0.0,64,326400,652800,20889600,1958400,22848000,13708800,0,2284800,0.0,1336934400.0,360.0,396898536.0,0.0,0.0,24662778,0,5910,24160363,1194,35732551.0,0.0,334233600.0,83612514.0,64,3842,0,0,814366836,3444,0,0,813667530,4157,0,0,812244766,3478,0,0,813581460,4600,0,0,813227003,3672,0,0,814936020,2964,0,0,834218674,2810,0,0,848536310,4644,0,0,815299004,3007,0,0,811811169,3857,0,0,810470676,3526,0,0,809167244,4296,0,0,816790780,3229,0,0,815713582,3333,0,0,830913770,4127,0,0,842860005,4162,0,0,806850897,3051,0,0,805692442,3838,0,0,810528400,3213,0,0,808152313,4287,0,0,815469034,3621,0,0,811108884,3465,0,0,833234494,3221,0,0,846418319,4128,0,0,806159384,3819,0,0,801849823,3547,0,0,806883253,3050,0,0,807138925,3899,0,0,817305812,3427,0,0,810828599,3701,0,0,832088342,3469,0,0,845226820,64,35722682.0,0.0,334233600.0,2717437951.0,84942693.0,83615991.0,34465657299.0,26153736853.0,64,2654540,0,0,0,2654543,0,0,0,2654461,0,0,0,2654471,0,0,0,2654619,0,0,0,2654554,0,0,0,2655026,0,0,0,2654390,0,0,0,2654380,0,0,0,2654431,0,0,0,2654534,0,0,0,2654922,0,0,0,2654411,0,0,0,2654510,0,0,0,2654486,0,0,0,2654382,0,0,0,2654483,0,0,0,2654486,0,0,0,2654318,0,0,0,2654395,0,0,0,2654622,0,0,0,2654382,0,0,0,2654459,0,0,0,2654427,0,0,0,2654567,0,0,0,2654275,0,0,0,2654592,0,0,0,2654291,0,0,0,2654531,0,0,0,2654300,0,0,0,2654400,0,0,0,2654309,0,0,0,64,11564057,0,0,11561899,0,0,11564160,0,0,11561746,0,0,11564076,0,0,11561783,0,0,11564149,0,0,11561783,0,0,11564118,0,0,11561742,0,0,11564039,0,0,11561805,0,0,11564046,0,0,11561875,0,0,11564116,0,0,11561786,0,0,11564093,0,0,11561871,0,0,11564133,0,0,11561762,0,0,11564093,0,0,11561745,0,0,11564033,0,0,11561752,0,0,11564090,0,0,11561854,0,0,11564098,0,0,11561737,0,0,11564061,0,0,11561913,0,0,11564152,0,0,11561769,0,0,64,2648831061,298742659,139699200,22848000,102575673,151450186,15993600,0,26222463455.0,10268153104.0,232394036936.0,35754456.0,0.0,2005384260.0,0,378412155,24122916,0.0,0.0,113480.0,0.0,64,5222400,0,0,326400,0,0,0,0,0.0,0.0,0.0,0.0,0.0,0.0,0,1958400,0.0,0.0,0.0,81.0,64,10444800,24193516,0,0,10444800,24193516,0,0,10444800,24193516,0,0,10444800,24193516,0,0,10444800,24193516,0,0,10444800,24193516,0,0,10444800,24193516,0,0,10444800,24193516,0,0,10444800,24193516,0,0,10444800,24193516,0,0,10444800,24193516,0,0,10444800,24193516,0,0,10444800,24193516,0,0,10444800,24193516,0,0,10444800,24193516,0,0,10444800,24193516,0,0,10444800,24193516,0,0,10444800,24193516,0,0,10444800,24193516,0,0,10444800,24193516,0,0,10444800,24193516,0,0,10444800,24193516,0,0,10444800,24193516,0,0,10444800,24193516,0,0,10444800,24193516,0,0,10444800,24193516,0,0,10444800,24193516,0,0,10444800,24193516,0,0,10444800,24193516,0,0,10444800,24193516,0,0,10444800,24193516,0,0,10444800,24193516,0,0,64,193353680,193214573,326400,2896758213,5564630825,0,288,0,24169209,24169209,2898517062.0,2844093172.0,387434.0,701176401.0,2700987238.0,22848000.0,2832552323.0,2774139505.0,193353672,193224159,24169209,0,24169209,1160,773414688.0,772695990.0,6.0,0.0,6350370650023615.0,6350370666483458.0
45,"void kernel_gemm_xdlops_v2r4r2_simplified<GridwiseGemm_bk0mk1_bk0nk1_mn_xdlops_v2r4r2, false, (InMemoryDataOperationEnum)1, BlockToCTileMap_3DGrid_KSplit, PassThrough, PassThrough, PassThrough>(GridwiseGemm_bk0mk1_bk0nk1_mn_xdlops_v2r4r2<256, _Float16, _Float16, float, _Float16, RowMajor, ColumnMajor, RowMajor, PassThrough, PassThrough, PassThrough, (GemmSpecialization)3, 1, 256, 128, 4, 32, 32, 8, 4, 2, Sequence, Sequence, Sequence, 3, 8, 8, false, true, Sequence, Sequence, Sequence, 3, 8, 8, false, true, 1, 1, 8, Sequence, (LoopScheduler)0, (PipelineVersion)0, _Float16, _Float16, _Float16, Argument, BlockToCTileMap_3DGrid_KSplit PassThrough, PassThrough, PassThrough) (kd)",2,20889600,256,25088,0,96,96,32,64,5875200,0,20889600,1958400,2284800,13708800,9692774400,50918400,0.0,0.0,334233600.0,0.0,0.0,0.0,0,0,0.0,84937999.0,0.0,1804.0,64,0,1071332514,2613065,2613065,0,1070659589,2613232,2613232,0,1073804013,2613158,2613158,0,1072553693,2612797,2612797,0,1075727340,2612882,2612882,0,1073804536,2613150,2613150,0,1091984574,2613223,2613223,0,1101176452,2612775,2612775,0,1071972458,2612829,2612829,0,1068659047,2613202,2613202,0,1066944414,2613060,2613060,0,1064844263,2612807,2612807,0,1074788766,2613021,2613021,0,1074391588,2613022,2613022,0,1089565801,2612989,2612989,0,1101811336,2613360,2613360,0,1062242798,2612927,2612927,0,1063835135,2613729,2613729,0,1068301186,2612676,2612676,0,1065350705,2613292,2613292,0,1076299227,2613185,2613185,0,1076007288,2612757,2612757,0,1091766691,2613415,2613415,0,1101499879,2612763,2612763,0,1065847048,2613246,2613246,0,1063746453,2612629,2612629,0,1066813407,2613080,2613080,0,1065867778,2612810,2612810,0,1072461342,2613031,2613031,0,1074379249,2613092,2613092,0,1087294844,2612922,2612922,0,1100007250,2612681,2612681,64,0,0,288,0,50918400,50918421,0,0,24149338,31331880.0,0.0,0.0,22848000.0,1958400.0,0.0,0.0,22848000.0,81600,326400,509,24163136,14705,0,288.0,1046.0,0.0,369988987.0,64,20889600,0,0,177561600,0,0,4569600,0.0,0.0,0.0,0.0,326400,0,83492139.0,125545.0,84688882.0,0.0,64,8908872,2654213,1118285,11563085,8909371,2654145,1118716,11563516,8909072,2654152,1118424,11563224,8909302,2654088,1118590,11563390,8909003,2654748,1118951,11563751,8909191,2654243,1118634,11563434,8908705,2654724,1118629,11563429,8909389,2654022,1118611,11563411,8908995,2654111,1118306,11563106,8909233,2654131,1118564,11563364,8908813,2654385,1118398,11563198,8909283,2654093,1118576,11563376,8908883,2654206,1118289,11563089,8909452,2654049,1118701,11563501,8908840,2654316,1118356,11563156,8909342,2654079,1118621,11563421,8908813,2654323,1118336,11563136,8909543,2653980,1118723,11563523,8909027,2654138,1118365,11563165,8909352,2654097,1118649,11563449,8908772,2654374,1118346,11563146,8909401,2654002,1118603,11563403,8908792,2654309,1118301,11563101,8909245,2654142,1118587,11563387,8908805,2654339,1118344,11563144,8909506,2654018,1118724,11563524,8908901,2654313,1118414,11563214,8909316,2654063,1118579,11563379,8908869,2654232,1118301,11563101,8909518,2654017,1118735,11563535,8909056,2654138,1118394,11563194,8909415,2654224,1118839,11563639,64,0,52876800,0,0,0,326400,258508800,2622531680,1935395.0,394670875.0,0.0,396898536.0,348355072.0,22848000.0,0,1508406128,0,65409,83614610.0,83614610.0,0.0,112068.0,64,151535,0,0,2284800,2280935,286,3579,1305600,1462272000.0,1462272000.0,125337600.0,0.0,20889600.0,365568000.0,20889600.0,0.0,47798538,23091524,50656,5416,0,24165950,370030205.0,0.0,285093323.0,84936882.0,64,0.0,64,326400,652800,20889600,1958400,22848000,13708800,0,2284800,0.0,1336934400.0,360.0,396898536.0,0.0,0.0,25128463,0,6301,24182307,1146,35744082.0,0.0,334233600.0,83613251.0,64,4248,0,0,813634360,4232,0,0,813631377,5089,0,0,814910083,4399,0,0,814204664,4557,0,0,810932625,3893,0,0,810579931,4599,0,0,834386324,4079,0,0,843315435,4399,0,0,812689259,4093,0,0,811673388,4744,0,0,810650101,4368,0,0,810043499,4636,0,0,813141849,3719,0,0,811811817,5106,0,0,828651404,4113,0,0,843510818,4881,0,0,801626822,4095,0,0,802556801,5038,0,0,806794927,4374,0,0,810108712,4030,0,0,814216729,4176,0,0,814329406,4450,0,0,834016354,3872,0,0,850265182,4371,0,0,803553256,4607,0,0,797981639,4992,0,0,806696001,4263,0,0,806174546,4486,0,0,814872380,4210,0,0,813038179,4785,0,0,832510793,4376,0,0,844719418,64,35730381.0,0.0,334233600.0,2715605015.0,84936280.0,83613689.0,34438348123.0,26151873451.0,64,2654232,0,0,0,2654263,0,0,0,2654189,0,0,0,2654209,0,0,0,2654353,0,0,0,2654450,0,0,0,2654661,0,0,0,2654143,0,0,0,2654094,0,0,0,2654202,0,0,0,2654299,0,0,0,2654593,0,0,0,2654088,0,0,0,2654268,0,0,0,2654217,0,0,0,2654136,0,0,0,2654199,0,0,0,2654243,0,0,0,2654123,0,0,0,2654150,0,0,0,2654297,0,0,0,2654166,0,0,0,2654223,0,0,0,2654231,0,0,0,2654350,0,0,0,2654212,0,0,0,2654325,0,0,0,2654081,0,0,0,2654257,0,0,0,2654119,0,0,0,2654111,0,0,0,2654139,0,0,0,64,11561844,0,0,11562404,0,0,11561940,0,0,11562265,0,0,11561866,0,0,11562320,0,0,11561924,0,0,11562271,0,0,11561880,0,0,11562267,0,0,11561819,0,0,11562275,0,0,11561877,0,0,11562371,0,0,11561969,0,0,11562233,0,0,11561861,0,0,11562405,0,0,11561975,0,0,11562269,0,0,11561856,0,0,11562258,0,0,11561847,0,0,11562279,0,0,11561821,0,0,11562408,0,0,11561926,0,0,11562256,0,0,11561846,0,0,11562407,0,0,11561933,0,0,11562271,0,0,64,2651020231,298741981,139699200,22848000,102574875,151450306,15993600,0,26215767617.0,10288836843.0,232452792076.0,35776836.0,0.0,2005167122.0,0,379604925,24125228,0.0,0.0,113776.0,0.0,64,5222400,0,0,326400,0,0,0,0,0.0,0.0,0.0,0.0,0.0,0.0,0,1958400,0.0,0.0,0.0,102.0,64,10444800,24169520,0,0,10444800,24169520,0,0,10444800,24169520,0,0,10444800,24169520,0,0,10444800,24169520,0,0,10444800,24169520,0,0,10444800,24169520,0,0,10444800,24169520,0,0,10444800,24169520,0,0,10444800,24169520,0,0,10444800,24169520,0,0,10444800,24169520,0,0,10444800,24169520,0,0,10444800,24169520,0,0,10444800,24169520,0,0,10444800,24169520,0,0,10444800,24169520,0,0,10444800,24169520,0,0,10444800,24169520,0,0,10444800,24169520,0,0,10444800,24169520,0,0,10444800,24169520,0,0,10444800,24169520,0,0,10444800,24169520,0,0,10444800,24169520,0,0,10444800,24169520,0,0,10444800,24169520,0,0,10444800,24169520,0,0,10444800,24169520,0,0,10444800,24169520,0,0,10444800,24169520,0,0,10444800,24169520,0,0,64,193477776,193330874,326400,2898119699,5575054021,0,288,0,24184721,24184721,2900261816.0,2846460363.0,388258.0,704896580.0,2704311175.0,22848000.0,2835070806.0,2776710845.0,193477768,193340721,24184721,0,24184721,1147,773911072.0,773123070.0,6.0,0.0,6350370666483458.0,6350370682946827.0
46,"void kernel_gemm_xdlops_v2r4r2_simplified<GridwiseGemm_bk0mk1_bk0nk1_mn_xdlops_v2r4r2, false, (InMemoryDataOperationEnum)1, BlockToCTileMap_3DGrid_KSplit, PassThrough, PassThrough, PassThrough>(GridwiseGemm_bk0mk1_bk0nk1_mn_xdlops_v2r4r2<256, _Float16, _Float16, float, _Float16, RowMajor, ColumnMajor, RowMajor, PassThrough, PassThrough, PassThrough, (GemmSpecialization)3, 1, 256, 128, 4, 32, 32, 8, 4, 2, Sequence, Sequence, Sequence, 3, 8, 8, false, true, Sequence, Sequence, Sequence, 3, 8, 8, false, true, 1, 1, 8, Sequence, (LoopScheduler)0, (PipelineVersion)0, _Float16, _Float16, _Float16, Argument, BlockToCTileMap_3DGrid_KSplit PassThrough, PassThrough, PassThrough) (kd)",2,20889600,256,25088,0,96,96,32,64,5875200,0,20889600,1958400,2284800,13708800,9692774400,50918400,0.0,0.0,334233600.0,0.0,0.0,0.0,0,0,0.0,84936646.0,0.0,2472.0,64,0,1071411770,2612997,2612997,0,1069785312,2613255,2613255,0,1070607826,2613060,2613060,0,1072981478,2612856,2612856,0,1075270112,2612927,2612927,0,1074306818,2612952,2612952,0,1088640292,2613113,2613113,0,1102815668,2612707,2612707,0,1071889281,2612809,2612809,0,1070214721,2613126,2613126,0,1068351775,2612991,2612991,0,1066575987,2612855,2612855,0,1072023043,2613011,2613011,0,1074092062,2612985,2612985,0,1084007988,2612924,2612924,0,1103214998,2613316,2613316,0,1064924413,2613040,2613040,0,1064176542,2613639,2613639,0,1063180053,2612711,2612711,0,1067921595,2613301,2613301,0,1073901609,2613109,2613109,0,1073605004,2612665,2612665,0,1089590953,2613561,2613561,0,1103208381,2612724,2612724,0,1064037459,2613198,2613198,0,1065698580,2612497,2612497,0,1064171782,2613155,2613155,0,1064703458,2612753,2612753,0,1073564838,2613272,2613272,0,1072613887,2613183,2613183,0,1086739143,2612788,2612788,0,1102307334,2612793,2612793,64,0,0,288,0,50918400,50918412,0,0,24156892,31331880.0,0.0,0.0,22848000.0,1958400.0,0.0,0.0,22848000.0,81600,326400,429,24169508,15032,0,288.0,973.0,0.0,369971518.0,64,20889600,0,0,177561600,0,0,4569600,0.0,0.0,0.0,0.0,326400,0,83490247.0,123239.0,84676451.0,0.0,64,8908298,2654356,1117854,11562654,8907845,2654453,1117498,11562298,8908484,2654263,1117947,11562747,8907890,2654274,1117364,11562164,8908597,2654733,1118530,11563330,8907723,2654526,1117449,11562249,8908275,2654715,1118190,11562990,8908011,2654183,1117394,11562194,8908455,2654189,1117844,11562644,8907882,2654312,1117394,11562194,8908349,2654371,1117920,11562720,8907892,2654276,1117368,11562168,8908379,2654273,1117852,11562652,8908013,2654282,1117495,11562295,8908501,2654223,1117924,11562724,8907977,2654204,1117381,11562181,8908266,2654391,1117857,11562657,8908100,2654197,1117497,11562297,8908623,2654106,1117929,11562729,8907901,2654313,1117414,11562214,8908334,2654350,1117884,11562684,8907938,2654225,1117363,11562163,8908307,2654326,1117833,11562633,8907841,2654347,1117388,11562188,8908197,2654435,1117832,11562632,8908126,2654167,1117493,11562293,8908390,2654293,1117883,11562683,8907906,2654286,1117392,11562192,8908355,2654321,1117876,11562676,8908020,2654256,1117476,11562276,8908595,2654170,1117965,11562765,8908038,2654327,1117565,11562365,64,0,52876800,0,0,0,326400,258508800,2624440771,1938342.0,394668211.0,0.0,396898536.0,348041474.0,22848000.0,0,1454593404,0,67197,83615148.0,83615148.0,0.0,119357.0,64,148791,0,0,2284800,2280736,288,3776,1305600,1462272000.0,1462272000.0,125337600.0,0.0,20889600.0,365568000.0,20889600.0,0.0,47790480,23067149,52282,5404,0,24172234,369987620.0,0.0,285050902.0,84936718.0,64,0.0,64,326400,652800,20889600,1958400,22848000,13708800,0,2284800,0.0,1336934400.0,360.0,396898536.0,0.0,0.0,25092983,0,5708,24160455,1175,35744801.0,0.0,334233600.0,83610969.0,64,4590,0,0,817344803,4284,0,0,814167134,4661,0,0,815907746,4057,0,0,814251268,4496,0,0,812039127,4039,0,0,813411666,4383,0,0,836243383,4641,0,0,846644487,5061,0,0,815509726,4261,0,0,810413528,4520,0,0,810991207,4368,0,0,809296934,4793,0,0,812278593,4328,0,0,814090187,4228,0,0,831188897,3780,0,0,845139122,4848,0,0,803074980,4187,0,0,803612654,4124,0,0,810348541,4155,0,0,809892036,4919,0,0,815019943,4183,0,0,814603807,4588,0,0,832366879,4068,0,0,846371250,4458,0,0,803283597,4154,0,0,802324491,4142,0,0,809978414,3998,0,0,809114477,5083,0,0,817409013,4297,0,0,812514224,4111,0,0,834356527,4327,0,0,847316918,64,35771773.0,0.0,334233600.0,2717028007.0,84936443.0,83616018.0,34454460782.0,26154219933.0,64,2654234,0,0,0,2654326,0,0,0,2654095,0,0,0,2654236,0,0,0,2654270,0,0,0,2654451,0,0,0,2654608,0,0,0,2654207,0,0,0,2654035,0,0,0,2654224,0,0,0,2654172,0,0,0,2654489,0,0,0,2654152,0,0,0,2654258,0,0,0,2654173,0,0,0,2654103,0,0,0,2654259,0,0,0,2654212,0,0,0,2654057,0,0,0,2654126,0,0,0,2654195,0,0,0,2654143,0,0,0,2654164,0,0,0,2654133,0,0,0,2654341,0,0,0,2654138,0,0,0,2654196,0,0,0,2654098,0,0,0,2654184,0,0,0,2654182,0,0,0,2654019,0,0,0,2654146,0,0,0,64,11562297,0,0,11563374,0,0,11562382,0,0,11563250,0,0,11562304,0,0,11563323,0,0,11562393,0,0,11563260,0,0,11562320,0,0,11563215,0,0,11562313,0,0,11563229,0,0,11562342,0,0,11563359,0,0,11562392,0,0,11563262,0,0,11562309,0,0,11563351,0,0,11562386,0,0,11563248,0,0,11562338,0,0,11563234,0,0,11562295,0,0,11563223,0,0,11562297,0,0,11563332,0,0,11562348,0,0,11563240,0,0,11562261,0,0,11563388,0,0,11562375,0,0,11563238,0,0,64,2644071396,298741806,139699200,22848000,102574810,151450196,15993600,0,26183633311.0,10281985319.0,232256406937.0,35765842.0,0.0,2001728247.0,0,373661355,24093960,0.0,0.0,135833.0,0.0,64,5222400,0,0,326400,0,0,0,0,0.0,0.0,0.0,0.0,0.0,0.0,0,1958400,0.0,0.0,0.0,21.0,64,10444800,24159636,0,0,10444800,24159636,0,0,10444800,24159636,0,0,10444800,24159636,0,0,10444800,24159636,0,0,10444800,24159636,0,0,10444800,24159636,0,0,10444800,24159636,0,0,10444800,24159636,0,0,10444800,24159636,0,0,10444800,24159636,0,0,10444800,24159636,0,0,10444800,24159636,0,0,10444800,24159636,0,0,10444800,24159636,0,0,10444800,24159636,0,0,10444800,24159636,0,0,10444800,24159636,0,0,10444800,24159636,0,0,10444800,24159636,0,0,10444800,24159636,0,0,10444800,24159636,0,0,10444800,24159636,0,0,10444800,24159636,0,0,10444800,24159636,0,0,10444800,24159636,0,0,10444800,24159636,0,0,10444800,24159636,0,0,10444800,24159636,0,0,10444800,24159636,0,0,10444800,24159636,0,0,10444800,24159636,0,0,64,193414096,193271440,326400,2897430908,5568554271,0,288,0,24176761,24176761,2899370138.0,2844939394.0,387242.0,703814791.0,2702311148.0,22848000.0,2833439297.0,2775036899.0,193414088,193280975,24176761,0,24176761,1122,773656352.0,772941562.0,6.0,0.0,6350370682946827.0,6350370699397233.0
47,"void kernel_gemm_xdlops_v2r4r2_simplified<GridwiseGemm_bk0mk1_bk0nk1_mn_xdlops_v2r4r2, false, (InMemoryDataOperationEnum)1, BlockToCTileMap_3DGrid_KSplit, PassThrough, PassThrough, PassThrough>(GridwiseGemm_bk0mk1_bk0nk1_mn_xdlops_v2r4r2<256, _Float16, _Float16, float, _Float16, RowMajor, ColumnMajor, RowMajor, PassThrough, PassThrough, PassThrough, (GemmSpecialization)3, 1, 256, 128, 4, 32, 32, 8, 4, 2, Sequence, Sequence, Sequence, 3, 8, 8, false, true, Sequence, Sequence, Sequence, 3, 8, 8, false, true, 1, 1, 8, Sequence, (LoopScheduler)0, (PipelineVersion)0, _Float16, _Float16, _Float16, Argument, BlockToCTileMap_3DGrid_KSplit PassThrough, PassThrough, PassThrough) (kd)",2,20889600,256,25088,0,96,96,32,64,5875200,0,20889600,1958400,2284800,13708800,9692774400,50918400,0.0,0.0,334233600.0,0.0,0.0,0.0,0,0,0.0,84935088.0,0.0,2180.0,64,0,1076099049,2613038,2613038,0,1072133204,2613166,2613166,0,1072667986,2613207,2613207,0,1069043514,2612742,2612742,0,1072477106,2612934,2612934,0,1073641776,2613006,2613006,0,1091091487,2613109,2613109,0,1104473498,2612658,2612658,0,1073399112,2612810,2612810,0,1068647356,2613082,2613082,0,1070988583,2613058,2613058,0,1064869379,2612710,2612710,0,1074685831,2613083,2613083,0,1076077569,2612918,2612918,0,1087746229,2612885,2612885,0,1099950887,2613252,2613252,0,1064396078,2612977,2612977,0,1062697891,2613616,2613616,0,1068249665,2612639,2612639,0,1067309874,2613077,2613077,0,1075732420,2613068,2613068,0,1072490296,2612663,2612663,0,1088123264,2613434,2613434,0,1102935365,2612784,2612784,0,1063890636,2613087,2613087,0,1063157864,2612545,2612545,0,1067409569,2613062,2613062,0,1067579885,2612659,2612659,0,1076618724,2613036,2613036,0,1075971207,2613126,2613126,0,1087682758,2612798,2612798,0,1101636496,2612765,2612765,64,0,0,288,0,50918400,50918416,0,0,24165208,31331880.0,0.0,0.0,22848000.0,1958400.0,0.0,0.0,22848000.0,81600,326400,509,24178900,15286,0,288.0,1007.0,0.0,370014153.0,64,20889600,0,0,177561600,0,0,4569600,0.0,0.0,0.0,0.0,326400,0,83487235.0,127066.0,84681878.0,0.0,64,8908874,2654328,1118402,11563202,8906509,2654158,1115867,11560667,8909130,2654169,1118499,11563299,8906397,2654160,1115757,11560557,8908958,2654767,1118925,11563725,8906389,2654224,1115813,11560613,8908929,2654640,1118769,11563569,8906506,2654076,1115782,11560582,8909179,2654030,1118409,11563209,8906400,2654140,1115740,11560540,8909064,2654243,1118507,11563307,8906410,2654154,1115764,11560564,8909021,2654176,1118397,11563197,8906563,2654146,1115909,11560709,8909125,2654178,1118503,11563303,8906473,2654087,1115760,11560560,8909006,2654233,1118439,11563239,8906608,2654106,1115914,11560714,8909243,2654051,1118494,11563294,8906468,2654114,1115782,11560582,8908982,2654313,1118495,11563295,8906494,2654048,1115742,11560542,8908968,2654226,1118394,11563194,8906459,2654104,1115763,11560563,8909265,2654254,1118719,11563519,8906661,2654022,1115883,11560683,8908990,2654251,1118441,11563241,8906435,2654119,1115754,11560554,8908964,2654302,1118466,11563266,8906631,2654064,1115895,11560695,8909318,2654061,1118579,11563379,8906513,2654319,1116032,11560832,64,0,52876800,0,0,0,326400,258508800,2623998880,1936603.0,394670603.0,0.0,396898536.0,347920143.0,22848000.0,0,1470655135,0,64641,83616106.0,83616106.0,0.0,139178.0,64,149153,0,0,2284800,2280833,288,3679,1305600,1462272000.0,1462272000.0,125337600.0,0.0,20889600.0,365568000.0,20889600.0,0.0,47806210,23456291,51172,5388,0,24161100,370010694.0,0.0,285071517.0,84939177.0,64,0.0,64,326400,652800,20889600,1958400,22848000,13708800,0,2284800,0.0,1336934400.0,360.0,396898536.0,0.0,0.0,25393477,0,5751,24153811,1165,35744778.0,0.0,334233600.0,83614732.0,64,4514,0,0,815958287,3567,0,0,811003046,3975,0,0,813001492,3849,0,0,815220080,5093,0,0,810745560,3365,0,0,816027480,3932,0,0,833597346,3878,0,0,844260520,4595,0,0,815332272,3634,0,0,814199234,4276,0,0,809796840,3657,0,0,807204660,4369,0,0,815514148,3749,0,0,814898188,3962,0,0,832093863,3315,0,0,844177978,4877,0,0,805715327,4064,0,0,802912635,4502,0,0,807339577,3667,0,0,807947884,4414,0,0,817571287,3526,0,0,816022760,3599,0,0,833687294,3413,0,0,846183951,4534,0,0,803689988,3803,0,0,803639512,3939,0,0,807191653,3230,0,0,804181898,4353,0,0,815474826,3975,0,0,813373889,4610,0,0,831388359,4205,0,0,842759252,64,35760068.0,0.0,334233600.0,2716713823.0,84938945.0,83610447.0,34460410016.0,26154670013.0,64,2654313,0,0,0,2654357,0,0,0,2654199,0,0,0,2654331,0,0,0,2654319,0,0,0,2654431,0,0,0,2654663,0,0,0,2654282,0,0,0,2654194,0,0,0,2654290,0,0,0,2654303,0,0,0,2654832,0,0,0,2654206,0,0,0,2654295,0,0,0,2654217,0,0,0,2654291,0,0,0,2654209,0,0,0,2654278,0,0,0,2654083,0,0,0,2654298,0,0,0,2654361,0,0,0,2654259,0,0,0,2654257,0,0,0,2654297,0,0,0,2654351,0,0,0,2654171,0,0,0,2654333,0,0,0,2654202,0,0,0,2654281,0,0,0,2654240,0,0,0,2654133,0,0,0,2654273,0,0,0,64,11565015,0,0,11561109,0,0,11565120,0,0,11560972,0,0,11565006,0,0,11561043,0,0,11565106,0,0,11561011,0,0,11565037,0,0,11560966,0,0,11564981,0,0,11560975,0,0,11565019,0,0,11561110,0,0,11565128,0,0,11560978,0,0,11565040,0,0,11561075,0,0,11565091,0,0,11560965,0,0,11565027,0,0,11560971,0,0,11565021,0,0,11560995,0,0,11565006,0,0,11561119,0,0,11565030,0,0,11561000,0,0,11565013,0,0,11561108,0,0,11565112,0,0,11560944,0,0,64,2645075950,298742143,139699200,22848000,102575203,151450140,15993600,0,26179225950.0,10299143888.0,232187653994.0,35792905.0,0.0,2001627566.0,0,372654795,24095213,0.0,0.0,135299.0,0.0,64,5222400,0,0,326400,0,0,0,0,0.0,0.0,0.0,0.0,0.0,0.0,0,1958400,0.0,0.0,0.0,107.0,64,10444800,24173216,0,0,10444800,24173216,0,0,10444800,24173216,0,0,10444800,24173216,0,0,10444800,24173216,0,0,10444800,24173216,0,0,10444800,24173216,0,0,10444800,24173216,0,0,10444800,24173216,0,0,10444800,24173216,0,0,10444800,24173216,0,0,10444800,24173216,0,0,10444800,24173216,0,0,10444800,24173216,0,0,10444800,24173216,0,0,10444800,24173216,0,0,10444800,24173216,0,0,10444800,24173216,0,0,10444800,24173216,0,0,10444800,24173216,0,0,10444800,24173216,0,0,10444800,24173216,0,0,10444800,24173216,0,0,10444800,24173216,0,0,10444800,24173216,0,0,10444800,24173216,0,0,10444800,24173216,0,0,10444800,24173216,0,0,10444800,24173216,0,0,10444800,24173216,0,0,10444800,24173216,0,0,10444800,24173216,0,0,64,193375200,193225447,326400,2896759542,5567094154,0,288,0,24171899,24171899,2898680210.0,2844323548.0,386098.0,700312620.0,2701763106.0,22848000.0,2832839284.0,2774450533.0,193375192,193234933,24171899,0,24171899,1138,773500768.0,772737643.0,6.0,0.0,6350370699397109.0,6350370715859518.0
48,"void kernel_gemm_xdlops_v2r4r2_simplified<GridwiseGemm_bk0mk1_bk0nk1_mn_xdlops_v2r4r2, false, (InMemoryDataOperationEnum)1, BlockToCTileMap_3DGrid_KSplit, PassThrough, PassThrough, PassThrough>(GridwiseGemm_bk0mk1_bk0nk1_mn_xdlops_v2r4r2<256, _Float16, _Float16, float, _Float16, RowMajor, ColumnMajor, RowMajor, PassThrough, PassThrough, PassThrough, (GemmSpecialization)3, 1, 256, 128, 4, 32, 32, 8, 4, 2, Sequence, Sequence, Sequence, 3, 8, 8, false, true, Sequence, Sequence, Sequence, 3, 8, 8, false, true, 1, 1, 8, Sequence, (LoopScheduler)0, (PipelineVersion)0, _Float16, _Float16, _Float16, Argument, BlockToCTileMap_3DGrid_KSplit PassThrough, PassThrough, PassThrough) (kd)",2,20889600,256,25088,0,96,96,32,64,5875200,0,20889600,1958400,2284800,13708800,9692774400,50918400,0.0,0.0,334233600.0,0.0,0.0,0.0,0,0,0.0,84940668.0,0.0,1810.0,64,0,1073289889,2613004,2613004,0,1072977510,2613329,2613329,0,1069312434,2613098,2613098,0,1070980332,2612901,2612901,0,1075603932,2612814,2612814,0,1074318241,2613154,2613154,0,1090355832,2612985,2612985,0,1100822801,2612862,2612862,0,1074329322,2612949,2612949,0,1069478607,2613117,2613117,0,1068615435,2613230,2613230,0,1065043618,2612903,2612903,0,1075139639,2613015,2613015,0,1075105905,2613045,2613045,0,1087286805,2612964,2612964,0,1100366410,2613204,2613204,0,1061785936,2612929,2612929,0,1063667965,2613696,2613696,0,1063795906,2612701,2612701,0,1065228297,2613167,2613167,0,1074731240,2613112,2613112,0,1072355864,2612743,2612743,0,1090078002,2613493,2613493,0,1102163721,2612835,2612835,0,1065097027,2613214,2613214,0,1063412576,2612587,2612587,0,1067193927,2613008,2613008,0,1061797658,2612803,2612803,0,1076537676,2613095,2613095,0,1074896398,2613087,2613087,0,1089532624,2612725,2612725,0,1100809203,2612793,2612793,64,0,0,288,0,50918400,50918419,0,0,24144088,31331880.0,0.0,0.0,22848000.0,1958400.0,0.0,0.0,22848000.0,81600,326400,429,24156670,14523,0,288.0,931.0,0.0,370023324.0,64,20889600,0,0,177561600,0,0,4569600,0.0,0.0,0.0,0.0,326400,0,83488510.0,124661.0,84680942.0,0.0,64,8907390,2654081,1116671,11561471,8906408,2654309,1115917,11560717,8907421,2654138,1116759,11561559,8906383,2654253,1115836,11560636,8907375,2654597,1117172,11561972,8906248,2654408,1115856,11560656,8907274,2654561,1117035,11561835,8906440,2654167,1115807,11560607,8907463,2653989,1116652,11561452,8906337,2654306,1115843,11560643,8907319,2654171,1116690,11561490,8906478,2654166,1115844,11560644,8907345,2654113,1116658,11561458,8906469,2654250,1115919,11560719,8907342,2654184,1116726,11561526,8906408,2654221,1115829,11560629,8907272,2654195,1116667,11561467,8906540,2654232,1115972,11560772,8907501,2654045,1116746,11561546,8906434,2654232,1115866,11560666,8907306,2654175,1116681,11561481,8906461,2654178,1115839,11560639,8907296,2654158,1116654,11561454,8906377,2654264,1115841,11560641,8907609,2654167,1116976,11561776,8906652,2654099,1115951,11560751,8907318,2654178,1116696,11561496,8906437,2654185,1115822,11560622,8907331,2654132,1116663,11561463,8906647,2654138,1115985,11560785,8907461,2654069,1116730,11561530,8906511,2654224,1115935,11560735,64,0,52876800,0,0,0,326400,258508800,2622775766,1937825.0,394668344.0,0.0,396898536.0,348128759.0,22848000.0,0,1469828460,0,65120,83615011.0,83615011.0,0.0,121797.0,64,149716,0,0,2284800,2280906,288,3606,1305600,1462272000.0,1462272000.0,125337600.0,0.0,20889600.0,365568000.0,20889600.0,0.0,47805400,22827171,52383,5419,0,24163078,369993478.0,0.0,285055121.0,84938357.0,64,0.0,64,326400,652800,20889600,1958400,22848000,13708800,0,2284800,0.0,1336934400.0,360.0,396898536.0,0.0,0.0,24954885,0,5737,24173256,1160,35736170.0,0.0,334233600.0,83615662.0,64,3181,0,0,812901417,3174,0,0,812533833,3306,0,0,814806218,2742,0,0,812881056,3098,0,0,815647558,3100,0,0,811694332,2748,0,0,833061386,3450,0,0,841317023,3340,0,0,808371999,3273,0,0,810397192,3234,0,0,807635616,2755,0,0,802808607,3525,0,0,814087177,3290,0,0,814711181,3080,0,0,830248753,2878,0,0,842022813,3910,0,0,801712817,3304,0,0,803851777,3489,0,0,805573493,3126,0,0,806798635,3199,0,0,810380221,3234,0,0,814376787,2907,0,0,828356158,2777,0,0,840019485,3311,0,0,803688684,2930,0,0,802450220,2972,0,0,808945056,3140,0,0,806631417,3529,0,0,812613300,3020,0,0,814512741,3527,0,0,832377883,2881,0,0,842072735,64,35792983.0,0.0,334233600.0,2716116379.0,84937543.0,83615468.0,34450531164.0,26168320205.0,64,2654465,0,0,0,2654421,0,0,0,2654307,0,0,0,2654435,0,0,0,2654554,0,0,0,2654520,0,0,0,2654763,0,0,0,2654574,0,0,0,2654343,0,0,0,2654325,0,0,0,2654538,0,0,0,2654900,0,0,0,2654461,0,0,0,2654328,0,0,0,2654350,0,0,0,2654333,0,0,0,2654495,0,0,0,2654302,0,0,0,2654182,0,0,0,2654364,0,0,0,2654497,0,0,0,2654324,0,0,0,2654414,0,0,0,2654494,0,0,0,2654608,0,0,0,2654199,0,0,0,2654350,0,0,0,2654283,0,0,0,2654439,0,0,0,2654251,0,0,0,2654174,0,0,0,2654302,0,0,0,64,11559775,0,0,11562740,0,0,11559846,0,0,11562657,0,0,11559804,0,0,11562693,0,0,11559851,0,0,11562659,0,0,11559779,0,0,11562635,0,0,11559754,0,0,11562646,0,0,11559811,0,0,11562732,0,0,11559890,0,0,11562631,0,0,11559800,0,0,11562716,0,0,11559861,0,0,11562611,0,0,11559785,0,0,11562597,0,0,11559742,0,0,11562675,0,0,11559752,0,0,11562770,0,0,11559774,0,0,11562660,0,0,11559784,0,0,11562789,0,0,11559844,0,0,11562630,0,0,64,2644394036,298742474,139699200,22848000,102575523,151450151,15993600,0,26203721296.0,10286242374.0,232296907686.0,35730033.0,0.0,2003514840.0,0,373545165,24119366,0.0,0.0,117353.0,0.0,64,5222400,0,0,326400,0,0,0,0,0.0,0.0,0.0,0.0,0.0,0.0,0,1958400,0.0,0.0,0.0,41.0,64,10444800,24191370,0,0,10444800,24191370,0,0,10444800,24191370,0,0,10444800,24191370,0,0,10444800,24191370,0,0,10444800,24191370,0,0,10444800,24191370,0,0,10444800,24191370,0,0,10444800,24191370,0,0,10444800,24191370,0,0,10444800,24191370,0,0,10444800,24191370,0,0,10444800,24191370,0,0,10444800,24191370,0,0,10444800,24191370,0,0,10444800,24191370,0,0,10444800,24191370,0,0,10444800,24191370,0,0,10444800,24191370,0,0,10444800,24191370,0,0,10444800,24191370,0,0,10444800,24191370,0,0,10444800,24191370,0,0,10444800,24191370,0,0,10444800,24191370,0,0,10444800,24191370,0,0,10444800,24191370,0,0,10444800,24191370,0,0,10444800,24191370,0,0,10444800,24191370,0,0,10444800,24191370,0,0,10444800,24191370,0,0,64,193441160,193288007,326400,2897712647,5575917681,0,288,0,24180144,24180144,2899618916.0,2845968554.0,388680.0,704696206.0,2704325061.0,22848000.0,2834573526.0,2776206717.0,193441152,193297861,24180144,0,24180144,1778,773764608.0,772965036.0,6.0,0.0,6350370715859518.0,6350370732328321.0
49,"void kernel_gemm_xdlops_v2r4r2_simplified<GridwiseGemm_bk0mk1_bk0nk1_mn_xdlops_v2r4r2, false, (InMemoryDataOperationEnum)1, BlockToCTileMap_3DGrid_KSplit, PassThrough, PassThrough, PassThrough>(GridwiseGemm_bk0mk1_bk0nk1_mn_xdlops_v2r4r2<256, _Float16, _Float16, float, _Float16, RowMajor, ColumnMajor, RowMajor, PassThrough, PassThrough, PassThrough, (GemmSpecialization)3, 1, 256, 128, 4, 32, 32, 8, 4, 2, Sequence, Sequence, Sequence, 3, 8, 8, false, true, Sequence, Sequence, Sequence, 3, 8, 8, false, true, 1, 1, 8, Sequence, (LoopScheduler)0, (PipelineVersion)0, _Float16, _Float16, _Float16, Argument, BlockToCTileMap_3DGrid_KSplit PassThrough, PassThrough, PassThrough) (kd)",2,20889600,256,25088,0,96,96,32,64,5875200,0,20889600,1958400,2284800,13708800,9692774400,50918400,0.0,0.0,334233600.0,0.0,0.0,0.0,0,0,0.0,84937415.0,0.0,1892.0,64,0,1070647965,2612958,2612958,0,1070459293,2613207,2613207,0,1071176375,2613008,2613008,0,1067259704,2612725,2612725,0,1074051908,2612667,2612667,0,1071825272,2612874,2612874,0,1091920356,2613064,2613064,0,1098950087,2612741,2612741,0,1070771949,2612735,2612735,0,1070380171,2612920,2612920,0,1069316746,2612784,2612784,0,1062027013,2612713,2612713,0,1073592773,2612841,2612841,0,1075458816,2612922,2612922,0,1088188422,2612864,2612864,0,1101116719,2613237,2613237,0,1064468956,2612652,2612652,0,1062680800,2613593,2613593,0,1065541002,2612501,2612501,0,1061971592,2613162,2613162,0,1070794364,2613003,2613003,0,1074423744,2612480,2612480,0,1090004383,2613193,2613193,0,1099157998,2612676,2612676,0,1063462230,2612964,2612964,0,1061514797,2612302,2612302,0,1068135296,2613122,2613122,0,1064327557,2612755,2612755,0,1072918711,2612939,2612939,0,1073728205,2613079,2613079,0,1090207927,2612638,2612638,0,1101937108,2612473,2612473,64,0,0,288,0,50918400,50918414,0,0,24167009,31331880.0,0.0,0.0,22848000.0,1958400.0,0.0,0.0,22848000.0,81600,326400,509,24181038,15911,0,288.0,1119.0,0.0,369989437.0,64,20889600,0,0,177561600,0,0,4569600,0.0,0.0,0.0,0.0,326400,0,83487872.0,127304.0,84684748.0,1.0,64,8909456,2654169,1118825,11563625,8906906,2654312,1116418,11561218,8909213,2654159,1118572,11563372,8906911,2654196,1116307,11561107,8909172,2654560,1118932,11563732,8906735,2654392,1116327,11561127,8909100,2654592,1118892,11563692,8906969,2654087,1116256,11561056,8909354,2653974,1118528,11563328,8906922,2654168,1116290,11561090,8909180,2654212,1118592,11563392,8906950,2654151,1116301,11561101,8909206,2654132,1118538,11563338,8906950,2654243,1116393,11561193,8909270,2654145,1118615,11563415,8907014,2654070,1116284,11561084,8909104,2654222,1118526,11563326,8907046,2654169,1116415,11561215,8909338,2654067,1118605,11563405,8906971,2654144,1116315,11561115,8909145,2654279,1118624,11563424,8906944,2654152,1116296,11561096,8909150,2654178,1118528,11563328,8906921,2654162,1116283,11561083,8909093,2654253,1118546,11563346,8907050,2654118,1116368,11561168,8909101,2654293,1118594,11563394,8906975,2654122,1116297,11561097,8909116,2654201,1118517,11563317,8907038,2654177,1116415,11561215,8909340,2654133,1118673,11563473,8907013,2654337,1116550,11561350,64,0,52876800,0,0,0,326400,258508800,2625292281,1937216.0,394670550.0,0.0,396898536.0,348588376.0,22848000.0,0,1479873140,0,64102,83612761.0,83612761.0,0.0,94160.0,64,145072,0,0,2284800,2280789,288,3723,1305600,1462272000.0,1462272000.0,125337600.0,0.0,20889600.0,365568000.0,20889600.0,0.0,47800815,23046478,51362,5445,0,24166216,370029628.0,0.0,285092970.0,84936658.0,64,0.0,64,326400,652800,20889600,1958400,22848000,13708800,0,2284800,0.0,1336934400.0,360.0,396898536.0,0.0,0.0,25295773,0,5757,24170866,1151,35783748.0,0.0,334233600.0,83614896.0,64,4462,0,0,813670788,4258,0,0,815416553,4442,0,0,814158456,4074,0,0,814268771,4262,0,0,812405384,3530,0,0,814917253,4511,0,0,832305727,3685,0,0,847594428,4496,0,0,812478349,3309,0,0,811090060,4688,0,0,809550575,3726,0,0,805542378,4198,0,0,811705025,3455,0,0,812543300,4588,0,0,829344116,3841,0,0,843252246,4226,0,0,803512526,4129,0,0,803256189,5091,0,0,804669617,3650,0,0,806012119,4650,0,0,815078219,3981,0,0,816161072,4861,0,0,830710510,4145,0,0,845622395,4180,0,0,801697351,3795,0,0,801448250,4387,0,0,807834050,3899,0,0,808147619,4350,0,0,813277741,4069,0,0,812860245,4891,0,0,828252264,3882,0,0,845708846,64,35744701.0,0.0,334233600.0,2717469839.0,84936536.0,83613103.0,34453662779.0,26157256008.0,64,2654341,0,0,0,2654170,0,0,0,2654156,0,0,0,2654194,0,0,0,2654567,0,0,0,2654248,0,0,0,2654626,0,0,0,2654219,0,0,0,2654189,0,0,0,2654225,0,0,0,2654265,0,0,0,2654699,0,0,0,2654286,0,0,0,2654131,0,0,0,2654226,0,0,0,2654166,0,0,0,2654389,0,0,0,2654128,0,0,0,2654123,0,0,0,2654221,0,0,0,2654380,0,0,0,2654160,0,0,0,2654236,0,0,0,2654172,0,0,0,2654594,0,0,0,2654069,0,0,0,2654258,0,0,0,2654151,0,0,0,2654389,0,0,0,2654074,0,0,0,2654103,0,0,0,2654066,0,0,0,64,11564492,0,0,11562131,0,0,11564587,0,0,11561998,0,0,11564474,0,0,11562085,0,0,11564561,0,0,11562025,0,0,11564468,0,0,11561996,0,0,11564500,0,0,11561992,0,0,11564475,0,0,11562155,0,0,11564565,0,0,11562052,0,0,11564475,0,0,11562155,0,0,11564572,0,0,11562012,0,0,11564478,0,0,11562057,0,0,11564483,0,0,11562020,0,0,11564489,0,0,11562184,0,0,11564487,0,0,11562055,0,0,11564482,0,0,11562141,0,0,11564560,0,0,11561982,0,0,64,2650671065,298741964,139699200,22848000,102574945,151450219,15993600,0,26204626304.0,10329442333.0,232308742215.0,35771770.0,0.0,2003409355.0,0,379508310,24112087,0.0,0.0,90968.0,0.0,64,5222400,0,0,326400,0,0,0,0,0.0,0.0,0.0,0.0,0.0,0.0,0,1958400,0.0,0.0,0.0,40.0,64,10444800,24174672,0,0,10444800,24174672,0,0,10444800,24174672,0,0,10444800,24174672,0,0,10444800,24174672,0,0,10444800,24174672,0,0,10444800,24174672,0,0,10444800,24174672,0,0,10444800,24174672,0,0,10444800,24174672,0,0,10444800,24174672,0,0,10444800,24174672,0,0,10444800,24174672,0,0,10444800,24174672,0,0,10444800,24174672,0,0,10444800,24174672,0,0,10444800,24174672,0,0,10444800,24174672,0,0,10444800,24174672,0,0,10444800,24174672,0,0,10444800,24174672,0,0,10444800,24174672,0,0,10444800,24174672,0,0,10444800,24174672,0,0,10444800,24174672,0,0,10444800,24174672,0,0,10444800,24174672,0,0,10444800,24174672,0,0,10444800,24174672,0,0,10444800,24174672,0,0,10444800,24174672,0,0,10444800,24174672,0,0,64,193353680,193193784,326400,2896053177,5572007113,0,288,0,24169209,24169209,2898205616.0,2844181229.0,387945.0,701241195.0,2702224864.0,22848000.0,2832756162.0,2774379762.0,193353672,193203639,24169209,0,24169209,1160,773414688.0,772600419.0,6.0,0.0,6350370732328321.0,6350370748793131.0
50,"void kernel_gemm_xdlops_v2r4r2_simplified<GridwiseGemm_bk0mk1_bk0nk1_mn_xdlops_v2r4r2, false, (InMemoryDataOperationEnum)1, BlockToCTileMap_3DGrid_KSplit, PassThrough, PassThrough, PassThrough>(GridwiseGemm_bk0mk1_bk0nk1_mn_xdlops_v2r4r2<256, _Float16, _Float16, float, _Float16, RowMajor, ColumnMajor, RowMajor, PassThrough, PassThrough, PassThrough, (GemmSpecialization)3, 1, 256, 128, 4, 32, 32, 8, 4, 2, Sequence, Sequence, Sequence, 3, 8, 8, false, true, Sequence, Sequence, Sequence, 3, 8, 8, false, true, 1, 1, 8, Sequence, (LoopScheduler)0, (PipelineVersion)0, _Float16, _Float16, _Float16, Argument, BlockToCTileMap_3DGrid_KSplit PassThrough, PassThrough, PassThrough) (kd)",2,20889600,256,25088,0,96,96,32,64,5875200,0,20889600,1958400,2284800,13708800,9692774400,50918400,0.0,0.0,334233600.0,0.0,0.0,0.0,0,0,0.0,84934281.0,0.0,1844.0,64,0,1072648539,2613061,2613061,0,1071546901,2613170,2613170,0,1073093441,2613117,2613117,0,1070809604,2612819,2612819,0,1074770268,2612800,2612800,0,1073000980,2612982,2612982,0,1090669567,2613156,2613156,0,1099966317,2612669,2612669,0,1073973041,2612802,2612802,0,1070085145,2613038,2613038,0,1066546609,2612992,2612992,0,1064328226,2612697,2612697,0,1074416142,2613013,2613013,0,1072690565,2613002,2613002,0,1089467511,2612895,2612895,0,1102487201,2613254,2613254,0,1065128311,2612987,2612987,0,1062194985,2613652,2613652,0,1066249345,2612618,2612618,0,1063988678,2613079,2613079,0,1076123838,2613011,2613011,0,1072829069,2612625,2612625,0,1090028221,2613423,2613423,0,1103300706,2612790,2612790,0,1063413667,2613150,2613150,0,1061168149,2612511,2612511,0,1065841117,2613104,2613104,0,1061039910,2612622,2612622,0,1075610321,2613118,2613118,0,1073582838,2613006,2613006,0,1089768745,2612682,2612682,0,1101212220,2612746,2612746,64,0,0,288,0,50918400,50918418,0,0,24158810,31331880.0,0.0,0.0,22848000.0,1958400.0,0.0,0.0,22848000.0,81600,326400,429,24171739,14778,0,288.0,1354.0,0.0,369982911.0,64,20889600,0,0,177561600,0,0,4569600,0.0,0.0,0.0,0.0,326400,0,83489056.0,123283.0,84680791.0,2.0,64,8907531,2654155,1116886,11561686,8909173,2654117,1118490,11563290,8907412,2654060,1116672,11561472,8909086,2654090,1118376,11563176,8907125,2654773,1117098,11561898,8909024,2654189,1118413,11563213,8907199,2654558,1116957,11561757,8909262,2653928,1118390,11563190,8907412,2654009,1116621,11561421,8908972,2654168,1118340,11563140,8907261,2654227,1116688,11561488,8909113,2654059,1118372,11563172,8907295,2654071,1116566,11561366,8909224,2654063,1118487,11563287,8907372,2654108,1116680,11561480,8909136,2653995,1118331,11563131,8907206,2654189,1116595,11561395,8909227,2654051,1118478,11563278,8907495,2653978,1116673,11561473,8909142,2654020,1118362,11563162,8907219,2654272,1116691,11561491,8909102,2654043,1118345,11563145,8907136,2654253,1116589,11561389,8909052,2654104,1118356,11563156,8907119,2654280,1116599,11561399,8909329,2653954,1118483,11563283,8907117,2654282,1116599,11561399,8909135,2653994,1118329,11563129,8907178,2654214,1116592,11561392,8909330,2653971,1118501,11563301,8907517,2653972,1116689,11561489,8909214,2654042,1118456,11563256,64,0,52876800,0,0,0,326400,258508800,2623856133,1940889.0,394665677.0,0.0,396898536.0,348358667.0,22848000.0,0,1469471323,0,70431,83615310.0,83615310.0,0.0,134365.0,64,149187,0,0,2284800,2280675,288,3837,1305600,1462272000.0,1462272000.0,125337600.0,0.0,20889600.0,365568000.0,20889600.0,0.0,47809673,23238837,51310,5426,0,24168155,369989362.0,0.0,285052089.0,84937273.0,64,0.0,64,326400,652800,20889600,1958400,22848000,13708800,0,2284800,0.0,1336934400.0,360.0,396898536.0,0.0,0.0,25341365,0,5760,24170825,1136,35775103.0,0.0,334233600.0,83617019.0,64,4386,0,0,814701716,3654,0,0,808512245,3903,0,0,817544802,4182,0,0,816639598,4850,0,0,815072045,3899,0,0,814202903,3751,0,0,831742608,4777,0,0,845116502,4348,0,0,812739115,3810,0,0,810099781,4427,0,0,808952463,3864,0,0,808074353,4522,0,0,818705753,4022,0,0,814836014,3818,0,0,833604558,4044,0,0,846962396,4896,0,0,806341962,3445,0,0,803178244,4041,0,0,808478570,3759,0,0,810039541,4294,0,0,810289842,3336,0,0,810116580,3894,0,0,831325103,4647,0,0,843964331,4539,0,0,804301323,3651,0,0,801897491,4410,0,0,807441966,3882,0,0,806149191,4508,0,0,814455740,3813,0,0,814443985,4054,0,0,834302606,4271,0,0,848524194,64,35735731.0,0.0,334233600.0,2715959625.0,84933375.0,83612715.0,34458503457.0,26161420580.0,64,2654272,0,0,0,2654231,0,0,0,2654131,0,0,0,2654244,0,0,0,2654329,0,0,0,2654323,0,0,0,2654596,0,0,0,2654282,0,0,0,2654111,0,0,0,2654196,0,0,0,2654301,0,0,0,2654548,0,0,0,2654250,0,0,0,2654242,0,0,0,2654221,0,0,0,2654167,0,0,0,2654357,0,0,0,2654179,0,0,0,2654072,0,0,0,2654159,0,0,0,2654322,0,0,0,2654110,0,0,0,2654300,0,0,0,2654175,0,0,0,2654369,0,0,0,2654063,0,0,0,2654214,0,0,0,2654165,0,0,0,2654305,0,0,0,2654144,0,0,0,2654092,0,0,0,2654182,0,0,0,64,11561492,0,0,11562025,0,0,11561587,0,0,11561851,0,0,11561471,0,0,11562012,0,0,11561573,0,0,11561926,0,0,11561492,0,0,11561891,0,0,11561492,0,0,11561904,0,0,11561493,0,0,11562012,0,0,11561567,0,0,11561905,0,0,11561500,0,0,11562034,0,0,11561557,0,0,11561926,0,0,11561523,0,0,11561880,0,0,11561509,0,0,11561897,0,0,11561456,0,0,11562041,0,0,11561517,0,0,11561869,0,0,11561471,0,0,11562048,0,0,11561608,0,0,11561893,0,0,64,2643466557,298741989,139699200,22848000,102574974,151450215,15993600,0,26188769654.0,10270314614.0,232297050790.0,35741767.0,0.0,2002127754.0,0,374921895,24101440,0.0,0.0,115498.0,0.0,64,5222400,0,0,326400,0,0,0,0,0.0,0.0,0.0,0.0,0.0,0.0,0,1958400,0.0,0.0,0.0,2.0,64,10444800,24173544,0,0,10444800,24173544,0,0,10444800,24173544,0,0,10444800,24173544,0,0,10444800,24173544,0,0,10444800,24173544,0,0,10444800,24173544,0,0,10444800,24173544,0,0,10444800,24173544,0,0,10444800,24173544,0,0,10444800,24173544,0,0,10444800,24173544,0,0,10444800,24173544,0,0,10444800,24173544,0,0,10444800,24173544,0,0,10444800,24173544,0,0,10444800,24173544,0,0,10444800,24173544,0,0,10444800,24173544,0,0,10444800,24173544,0,0,10444800,24173544,0,0,10444800,24173544,0,0,10444800,24173544,0,0,10444800,24173544,0,0,10444800,24173544,0,0,10444800,24173544,0,0,10444800,24173544,0,0,10444800,24173544,0,0,10444800,24173544,0,0,10444800,24173544,0,0,10444800,24173544,0,0,10444800,24173544,0,0,64,193515592,193362924,326400,2898958594,5568910019,0,288,0,24189448,24189448,2900742196.0,2846158817.0,387398.0,703916041.0,2703125491.0,22848000.0,2834621842.0,2776210489.0,193515584,193372259,24189448,0,24189448,1136,774062336.0,773292198.0,6.0,0.0,6350370748793131.0,6350370765250256.0
51,"void kernel_gemm_xdlops_v2r4r2_simplified<GridwiseGemm_bk0mk1_bk0nk1_mn_xdlops_v2r4r2, false, (InMemoryDataOperationEnum)1, BlockToCTileMap_3DGrid_KSplit, PassThrough, PassThrough, PassThrough>(GridwiseGemm_bk0mk1_bk0nk1_mn_xdlops_v2r4r2<256, _Float16, _Float16, float, _Float16, RowMajor, ColumnMajor, RowMajor, PassThrough, PassThrough, PassThrough, (GemmSpecialization)3, 1, 256, 128, 4, 32, 32, 8, 4, 2, Sequence, Sequence, Sequence, 3, 8, 8, false, true, Sequence, Sequence, Sequence, 3, 8, 8, false, true, 1, 1, 8, Sequence, (LoopScheduler)0, (PipelineVersion)0, _Float16, _Float16, _Float16, Argument, BlockToCTileMap_3DGrid_KSplit PassThrough, PassThrough, PassThrough) (kd)",2,20889600,256,25088,0,96,96,32,64,5875200,0,20889600,1958400,2284800,13708800,9692774400,50918400,0.0,0.0,334233600.0,0.0,0.0,0.0,0,0,0.0,84938528.0,0.0,1726.0,64,0,1075355905,2613055,2613055,0,1071802246,2613173,2613173,0,1073388515,2613213,2613213,0,1072347878,2612816,2612816,0,1076836532,2612942,2612942,0,1072755487,2612941,2612941,0,1093377237,2613106,2613106,0,1102040234,2612727,2612727,0,1072425619,2612876,2612876,0,1070570925,2613101,2613101,0,1068188410,2613082,2613082,0,1064307526,2612867,2612867,0,1071606931,2613064,2613064,0,1074890839,2612965,2612965,0,1088263060,2612914,2612914,0,1103453740,2613279,2613279,0,1061175890,2612947,2612947,0,1062108245,2613506,2613506,0,1066823657,2612582,2612582,0,1065470434,2613112,2613112,0,1071088272,2613101,2613101,0,1076919903,2612678,2612678,0,1091239711,2613468,2613468,0,1101491385,2612751,2612751,0,1065969417,2613220,2613220,0,1060405496,2612548,2612548,0,1067332515,2613083,2613083,0,1066475963,2612793,2612793,0,1075451761,2613214,2613214,0,1074837168,2613150,2613150,0,1087554143,2612857,2612857,0,1099588452,2612730,2612730,64,0,0,288,0,50918400,50918417,0,0,24182744,31331880.0,0.0,0.0,22848000.0,1958400.0,0.0,0.0,22848000.0,81600,326400,509,24196185,14927,0,288.0,1132.0,0.0,370018706.0,64,20889600,0,0,177561600,0,0,4569600,0.0,0.0,0.0,0.0,326400,0,83494479.0,121528.0,84683569.0,0.0,64,8907716,2654354,1117270,11562070,8906649,2654271,1116120,11560920,8907941,2654206,1117347,11562147,8906626,2654188,1116014,11560814,8907626,2654874,1117700,11562500,8906421,2654408,1116029,11560829,8907599,2654789,1117588,11562388,8906708,2654091,1115999,11560799,8907974,2654128,1117302,11562102,8906563,2654222,1115985,11560785,8907797,2654373,1117370,11562170,8906678,2654121,1115999,11560799,8907821,2654258,1117279,11562079,8906652,2654241,1116093,11560893,8907964,2654225,1117389,11562189,8906700,2654109,1116009,11560809,8907675,2654383,1117258,11562058,8906814,2654166,1116180,11560980,8908041,2654099,1117340,11562140,8906670,2654149,1116019,11560819,8907677,2654438,1117315,11562115,8906751,2654062,1116013,11560813,8907758,2654328,1117286,11562086,8906574,2654220,1115994,11560794,8907615,2654502,1117317,11562117,8906828,2654095,1116123,11560923,8907800,2654340,1117340,11562140,8906624,2654179,1116003,11560803,8908053,2654331,1117584,11562384,8906847,2654085,1116132,11560932,8908083,2654099,1117382,11562182,8906768,2654215,1116183,11560983,64,0,52876800,0,0,0,326400,258508800,2623230389,1939331.0,394667922.0,0.0,396898536.0,348095777.0,22848000.0,0,1448524182,0,65197,83613309.0,83613309.0,0.0,115479.0,64,155916,0,0,2284800,2280716,288,3796,1305600,1462272000.0,1462272000.0,125337600.0,0.0,20889600.0,365568000.0,20889600.0,0.0,47802827,23400388,52058,5976,0,24172367,369951363.0,0.0,285015543.0,84935820.0,64,0.0,64,326400,652800,20889600,1958400,22848000,13708800,0,2284800,0.0,1336934400.0,360.0,396898536.0,0.0,0.0,24930978,0,5720,24181632,1151,35775070.0,0.0,334233600.0,83615038.0,64,3249,0,0,813897091,2988,0,0,811170111,3262,0,0,814171315,3528,0,0,815933285,3079,0,0,815029013,2649,0,0,813623261,3178,0,0,833380529,3471,0,0,846348648,3172,0,0,813992990,3129,0,0,813095298,3990,0,0,807689523,3913,0,0,806397382,3334,0,0,811877154,3079,0,0,812157528,3492,0,0,831503565,3847,0,0,845150691,3284,0,0,800428804,3094,0,0,799895881,3562,0,0,806276332,3844,0,0,807336670,2747,0,0,816071575,2946,0,0,814729085,3555,0,0,829551628,4033,0,0,844494841,3343,0,0,802700775,2953,0,0,800891348,3905,0,0,808097828,3525,0,0,808983494,3470,0,0,813314497,3212,0,0,812772968,3193,0,0,832602365,3478,0,0,846231809,64,35761661.0,0.0,334233600.0,2715599506.0,84936081.0,83616300.0,34444609094.0,26154247989.0,64,2654341,0,0,0,2654268,0,0,0,2654302,0,0,0,2654201,0,0,0,2654382,0,0,0,2654354,0,0,0,2654684,0,0,0,2654253,0,0,0,2654213,0,0,0,2654248,0,0,0,2654380,0,0,0,2654537,0,0,0,2654222,0,0,0,2654220,0,0,0,2654239,0,0,0,2654190,0,0,0,2654303,0,0,0,2654203,0,0,0,2654145,0,0,0,2654164,0,0,0,2654400,0,0,0,2654174,0,0,0,2654370,0,0,0,2654202,0,0,0,2654405,0,0,0,2654122,0,0,0,2654337,0,0,0,2654155,0,0,0,2654353,0,0,0,2654159,0,0,0,2654204,0,0,0,2654148,0,0,0,64,11562436,0,0,11562512,0,0,11562486,0,0,11562406,0,0,11562430,0,0,11562429,0,0,11562497,0,0,11562394,0,0,11562421,0,0,11562384,0,0,11562409,0,0,11562358,0,0,11562443,0,0,11562505,0,0,11562482,0,0,11562396,0,0,11562434,0,0,11562465,0,0,11562503,0,0,11562378,0,0,11562422,0,0,11562374,0,0,11562431,0,0,11562392,0,0,11562414,0,0,11562485,0,0,11562463,0,0,11562379,0,0,11562412,0,0,11562487,0,0,11562498,0,0,11562371,0,0,64,2649929632,298741285,139699200,22848000,102574259,151450226,15993600,0,26199644911.0,10300572637.0,232262169379.0,35753042.0,0.0,2003058548.0,0,383484735,24101190,0.0,0.0,90028.0,0.0,64,5222400,0,0,326400,0,0,0,0,0.0,0.0,0.0,0.0,0.0,0.0,0,1958400,0.0,0.0,0.0,95.0,64,10444800,24177303,0,0,10444800,24177303,0,0,10444800,24177303,0,0,10444800,24177303,0,0,10444800,24177303,0,0,10444800,24177303,0,0,10444800,24177303,0,0,10444800,24177303,0,0,10444800,24177303,0,0,10444800,24177303,0,0,10444800,24177303,0,0,10444800,24177303,0,0,10444800,24177303,0,0,10444800,24177303,0,0,10444800,24177303,0,0,10444800,24177303,0,0,10444800,24177303,0,0,10444800,24177303,0,0,10444800,24177303,0,0,10444800,24177303,0,0,10444800,24177303,0,0,10444800,24177303,0,0,10444800,24177303,0,0,10444800,24177303,0,0,10444800,24177303,0,0,10444800,24177303,0,0,10444800,24177303,0,0,10444800,24177303,0,0,10444800,24177303,0,0,10444800,24177303,0,0,10444800,24177303,0,0,10444800,24177303,0,0,64,193481872,193321723,326400,2898198993,5576300661,0,288,0,24185233,24185233,2900124476.0,2846540774.0,389841.0,705917287.0,2704722324.0,22848000.0,2835181660.0,2776832372.0,193481864,193331563,24185233,0,24185233,1162,773927456.0,773105171.0,6.0,0.0,6350370765250369.0,6350370781716139.0
52,"void kernel_gemm_xdlops_v2r4r2_simplified<GridwiseGemm_bk0mk1_bk0nk1_mn_xdlops_v2r4r2, false, (InMemoryDataOperationEnum)1, BlockToCTileMap_3DGrid_KSplit, PassThrough, PassThrough, PassThrough>(GridwiseGemm_bk0mk1_bk0nk1_mn_xdlops_v2r4r2<256, _Float16, _Float16, float, _Float16, RowMajor, ColumnMajor, RowMajor, PassThrough, PassThrough, PassThrough, (GemmSpecialization)3, 1, 256, 128, 4, 32, 32, 8, 4, 2, Sequence, Sequence, Sequence, 3, 8, 8, false, true, Sequence, Sequence, Sequence, 3, 8, 8, false, true, 1, 1, 8, Sequence, (LoopScheduler)0, (PipelineVersion)0, _Float16, _Float16, _Float16, Argument, BlockToCTileMap_3DGrid_KSplit PassThrough, PassThrough, PassThrough) (kd)",2,20889600,256,25088,0,96,96,32,64,5875200,0,20889600,1958400,2284800,13708800,9692774400,50918400,0.0,0.0,334233600.0,0.0,0.0,0.0,0,0,0.0,84938191.0,0.0,1834.0,64,0,1073065448,2613090,2613090,0,1072009500,2613079,2613079,0,1075133032,2613222,2613222,0,1070340991,2612936,2612936,0,1075737294,2612922,2612922,0,1074581657,2613070,2613070,0,1088616530,2613148,2613148,0,1099872214,2612736,2612736,0,1075234023,2612820,2612820,0,1068743540,2612927,2612927,0,1066090735,2612983,2612983,0,1064585221,2612753,2612753,0,1075561166,2613023,2613023,0,1072720680,2612825,2612825,0,1089543258,2613043,2613043,0,1104340120,2613246,2613246,0,1065602505,2612917,2612917,0,1062882891,2613555,2613555,0,1064852153,2612686,2612686,0,1064241577,2613276,2613276,0,1073480697,2613112,2613112,0,1074164054,2612632,2612632,0,1089348629,2613333,2613333,0,1103133351,2612721,2612721,0,1064447218,2613241,2613241,0,1063632980,2612532,2612532,0,1067220573,2613207,2613207,0,1064562423,2612729,2612729,0,1071721065,2613147,2613147,0,1074056865,2613079,2613079,0,1091667890,2612775,2612775,0,1100775995,2612761,2612761,64,0,0,288,0,50918400,50918413,0,0,24143322,31331880.0,0.0,0.0,22848000.0,1958400.0,0.0,0.0,22848000.0,81600,326400,429,24155846,14769,0,288.0,1229.0,0.0,369977150.0,64,20889600,0,0,177561600,0,0,4569600,0.0,0.0,0.0,0.0,326400,0,83489856.0,123130.0,84680862.0,0.0,64,8907675,2654225,1117100,11561900,8910451,2654342,1119993,11564793,8907726,2654202,1117128,11561928,8910404,2654260,1119864,11564664,8907664,2654617,1117481,11562281,8910299,2654404,1119903,11564703,8907599,2654638,1117437,11562237,8910514,2654160,1119874,11564674,8907803,2654095,1117098,11561898,8910397,2654261,1119858,11564658,8907735,2654234,1117169,11561969,8910502,2654168,1119870,11564670,8907738,2654154,1117092,11561892,8910460,2654299,1119959,11564759,8907753,2654195,1117148,11561948,8910522,2654164,1119886,11564686,8907645,2654241,1117086,11561886,8910577,2654223,1120000,11564800,8907868,2654097,1117165,11561965,8910520,2654162,1119882,11564682,8907642,2654351,1117193,11561993,8910461,2654176,1119837,11564637,8907641,2654245,1117086,11561886,8910451,2654216,1119867,11564667,8907569,2654318,1117087,11561887,8910586,2654179,1119965,11564765,8907664,2654264,1117128,11561928,8910431,2654208,1119839,11564639,8907919,2654268,1117387,11562187,8910633,2654167,1120000,11564800,8907836,2654132,1117168,11561968,8910575,2654237,1120012,11564812,64,0,52876800,0,0,0,326400,258508800,2622946934,1939360.0,394667055.0,0.0,396898536.0,349285093.0,22848000.0,0,1473498406,0,68012,83614575.0,83614575.0,0.0,118080.0,64,149259,0,0,2284800,2280815,288,3697,1305600,1462272000.0,1462272000.0,125337600.0,0.0,20889600.0,365568000.0,20889600.0,0.0,47823029,23086161,50881,5377,0,24182813,369996705.0,0.0,285057467.0,84939238.0,64,0.0,64,326400,652800,20889600,1958400,22848000,13708800,0,2284800,0.0,1336934400.0,360.0,396898536.0,0.0,0.0,25409758,0,5748,24171760,1146,35739729.0,0.0,334233600.0,83611542.0,64,4340,0,0,810284895,3714,0,0,815145513,4313,0,0,814046377,3581,0,0,815948501,4557,0,0,814915931,3906,0,0,812925847,3683,0,0,833100646,3945,0,0,845497980,4206,0,0,813322716,3697,0,0,812827577,3566,0,0,812090047,3496,0,0,808746142,4026,0,0,815553994,3886,0,0,812255258,4382,0,0,831472730,3972,0,0,845727802,3780,0,0,803730015,3773,0,0,802982512,4167,0,0,805061967,4546,0,0,804818903,4529,0,0,813282085,4041,0,0,811734499,3657,0,0,833970960,4034,0,0,847492249,4051,0,0,804131942,3560,0,0,802539376,3971,0,0,811020048,3629,0,0,809874807,3904,0,0,815137359,3747,0,0,814030912,3816,0,0,830264642,3898,0,0,848403395,64,35744914.0,0.0,334233600.0,2716292720.0,84937928.0,83616241.0,34463294005.0,26155481820.0,64,2654248,0,0,0,2654220,0,0,0,2654264,0,0,0,2654140,0,0,0,2654332,0,0,0,2654322,0,0,0,2654597,0,0,0,2654178,0,0,0,2654127,0,0,0,2654132,0,0,0,2654276,0,0,0,2654536,0,0,0,2654203,0,0,0,2654168,0,0,0,2654155,0,0,0,2654153,0,0,0,2654254,0,0,0,2654162,0,0,0,2654040,0,0,0,2654158,0,0,0,2654301,0,0,0,2654077,0,0,0,2654263,0,0,0,2654224,0,0,0,2654379,0,0,0,2654048,0,0,0,2654246,0,0,0,2654159,0,0,0,2654275,0,0,0,2654087,0,0,0,2654190,0,0,0,2654059,0,0,0,64,11562163,0,0,11561666,0,0,11562223,0,0,11561581,0,0,11562155,0,0,11561611,0,0,11562247,0,0,11561536,0,0,11562151,0,0,11561564,0,0,11562147,0,0,11561560,0,0,11562150,0,0,11561681,0,0,11562243,0,0,11561554,0,0,11562177,0,0,11561698,0,0,11562218,0,0,11561576,0,0,11562172,0,0,11561570,0,0,11562173,0,0,11561549,0,0,11562178,0,0,11561694,0,0,11562237,0,0,11561559,0,0,11562171,0,0,11561675,0,0,11562226,0,0,11561574,0,0,64,2644046912,298741260,139699200,22848000,102574296,151450164,15993600,0,26177918457.0,10323533932.0,232251701004.0,35746959.0,0.0,2000596856.0,0,375727395,24095663,0.0,0.0,92799.0,0.0,64,5222400,0,0,326400,0,0,0,0,0.0,0.0,0.0,0.0,0.0,0.0,0,1958400,0.0,0.0,0.0,74.0,64,10444800,24173162,0,0,10444800,24173162,0,0,10444800,24173162,0,0,10444800,24173162,0,0,10444800,24173162,0,0,10444800,24173162,0,0,10444800,24173162,0,0,10444800,24173162,0,0,10444800,24173162,0,0,10444800,24173162,0,0,10444800,24173162,0,0,10444800,24173162,0,0,10444800,24173162,0,0,10444800,24173162,0,0,10444800,24173162,0,0,10444800,24173162,0,0,10444800,24173162,0,0,10444800,24173162,0,0,10444800,24173162,0,0,10444800,24173162,0,0,10444800,24173162,0,0,10444800,24173162,0,0,10444800,24173162,0,0,10444800,24173162,0,0,10444800,24173162,0,0,10444800,24173162,0,0,10444800,24173162,0,0,10444800,24173162,0,0,10444800,24173162,0,0,10444800,24173162,0,0,10444800,24173162,0,0,10444800,24173162,0,0,64,193494216,193360840,326400,2898643450,5572021730,0,288,0,24186776,24186776,2900711456.0,2846217275.0,386951.0,704067771.0,2703457298.0,22848000.0,2834722842.0,2776319566.0,193494208,193370697,24186776,0,24186776,1133,773976832.0,773248466.0,6.0,0.0,6350370781716139.0,6350370798174064.0
53,"void kernel_gemm_xdlops_v2r4r2_simplified<GridwiseGemm_bk0mk1_bk0nk1_mn_xdlops_v2r4r2, false, (InMemoryDataOperationEnum)1, BlockToCTileMap_3DGrid_KSplit, PassThrough, PassThrough, PassThrough>(GridwiseGemm_bk0mk1_bk0nk1_mn_xdlops_v2r4r2<256, _Float16, _Float16, float, _Float16, RowMajor, ColumnMajor, RowMajor, PassThrough, PassThrough, PassThrough, (GemmSpecialization)3, 1, 256, 128, 4, 32, 32, 8, 4, 2, Sequence, Sequence, Sequence, 3, 8, 8, false, true, Sequence, Sequence, Sequence, 3, 8, 8, false, true, 1, 1, 8, Sequence, (LoopScheduler)0, (PipelineVersion)0, _Float16, _Float16, _Float16, Argument, BlockToCTileMap_3DGrid_KSplit PassThrough, PassThrough, PassThrough) (kd)",2,20889600,256,25088,0,96,96,32,64,5875200,0,20889600,1958400,2284800,13708800,9692774400,50918400,0.0,0.0,334233600.0,0.0,0.0,0.0,0,0,0.0,84938461.0,0.0,1872.0,64,0,1074372052,2613054,2613054,0,1071958596,2613333,2613333,0,1072293115,2613174,2613174,0,1075225887,2613004,2613004,0,1076412457,2613104,2613104,0,1074761387,2612918,2612918,0,1090806380,2613252,2613252,0,1101118616,2612817,2612817,0,1074316694,2612865,2612865,0,1069761537,2613038,2613038,0,1065547170,2613101,2613101,0,1065708193,2612907,2612907,0,1074419811,2613054,2613054,0,1072846925,2612946,2612946,0,1089101531,2612922,2612922,0,1099861675,2613443,2613443,0,1064856649,2612904,2612904,0,1062226518,2613557,2613557,0,1065315134,2612709,2612709,0,1064847893,2613171,2613171,0,1076969663,2613171,2613171,0,1073787048,2612577,2612577,0,1089325739,2613433,2613433,0,1101845624,2612862,2612862,0,1064881929,2613365,2613365,0,1063234473,2612545,2612545,0,1068616396,2613170,2613170,0,1065977655,2612749,2612749,0,1075016033,2613116,2613116,0,1073714731,2613111,2613111,0,1088687599,2612749,2612749,0,1103658654,2612763,2612763,64,0,0,288,0,50918400,50918425,0,0,24138977,31331880.0,0.0,0.0,22848000.0,1958400.0,0.0,0.0,22848000.0,81600,326400,509,24152438,14818,0,288.0,1151.0,0.0,369992582.0,64,20889600,0,0,177561600,0,0,4569600,0.0,0.0,0.0,0.0,326400,0,83487001.0,127017.0,84682122.0,1.0,64,8908079,2654063,1117342,11562142,8908545,2654316,1118061,11562861,8908210,2654035,1117445,11562245,8908490,2654275,1117965,11562765,8908020,2654544,1117764,11562564,8908458,2654372,1118030,11562830,8908025,2654488,1117713,11562513,8908535,2654203,1117938,11562738,8908257,2653881,1117338,11562138,8908566,2654206,1117972,11562772,8908141,2654139,1117480,11562280,8908556,2654215,1117971,11562771,8908446,2653993,1117639,11562439,8908641,2654230,1118071,11562871,8908146,2654102,1117448,11562248,8908581,2654154,1117935,11562735,8908109,2654058,1117367,11562167,8908665,2654213,1118078,11562878,8908349,2653917,1117466,11562266,8908492,2654235,1117927,11562727,8908073,2654106,1117379,11562179,8908667,2654116,1117983,11562783,8908027,2654143,1117370,11562170,8908612,2654122,1117934,11562734,8907967,2654158,1117325,11562125,8908863,2654038,1118101,11562901,8908035,2654136,1117371,11562171,8908585,2654196,1117981,11562781,8908020,2654135,1117355,11562155,8908914,2654010,1118124,11562924,8908223,2654000,1117423,11562223,8908611,2654239,1118050,11562850,64,0,52876800,0,0,0,326400,258508800,2623299150,1938422.0,394668555.0,0.0,396898536.0,348531320.0,22848000.0,0,1479555413,0,66537,83613580.0,83613580.0,0.0,110613.0,64,146776,0,0,2284800,2280888,288,3624,1305600,1462272000.0,1462272000.0,125337600.0,0.0,20889600.0,365568000.0,20889600.0,0.0,47777019,22852374,51745,5427,0,24160388,370017637.0,0.0,285081069.0,84936568.0,64,0.0,64,326400,652800,20889600,1958400,22848000,13708800,0,2284800,0.0,1336934400.0,360.0,396898536.0,0.0,0.0,24848136,0,5743,24172881,1159,35745368.0,0.0,334233600.0,83610742.0,64,2695,0,0,811213131,3101,0,0,811715480,2692,0,0,813842611,3135,0,0,816043495,2930,0,0,812061128,2832,0,0,814904259,2830,0,0,833109318,2812,0,0,842260193,3017,0,0,812871262,3201,0,0,813109543,2963,0,0,810150528,2666,0,0,809022138,2565,0,0,816102304,2494,0,0,809730548,2756,0,0,831633662,2544,0,0,845346353,2466,0,0,802846811,2632,0,0,802827110,2582,0,0,808330754,2717,0,0,808346984,2823,0,0,813056716,3131,0,0,813154168,2531,0,0,833734537,2911,0,0,844055115,2807,0,0,803146643,3117,0,0,802450106,2458,0,0,808398355,3420,0,0,805097163,2549,0,0,811540703,3197,0,0,813300695,2725,0,0,829316328,2953,0,0,844280868,64,35777094.0,0.0,334233600.0,2716027989.0,84935781.0,83614129.0,34444612841.0,26160734741.0,64,2654208,0,0,0,2654312,0,0,0,2654204,0,0,0,2654238,0,0,0,2654286,0,0,0,2654433,0,0,0,2654603,0,0,0,2654269,0,0,0,2654079,0,0,0,2654315,0,0,0,2654400,0,0,0,2654769,0,0,0,2654171,0,0,0,2654233,0,0,0,2654274,0,0,0,2654142,0,0,0,2654289,0,0,0,2654186,0,0,0,2654172,0,0,0,2654179,0,0,0,2654291,0,0,0,2654208,0,0,0,2654263,0,0,0,2654308,0,0,0,2654380,0,0,0,2654120,0,0,0,2654292,0,0,0,2654195,0,0,0,2654237,0,0,0,2654137,0,0,0,2654102,0,0,0,2654129,0,0,0,64,11561999,0,0,11564776,0,0,11562037,0,0,11564635,0,0,11561965,0,0,11564675,0,0,11562058,0,0,11564640,0,0,11561975,0,0,11564677,0,0,11561970,0,0,11564659,0,0,11561982,0,0,11564728,0,0,11562064,0,0,11564636,0,0,11561964,0,0,11564765,0,0,11562044,0,0,11564608,0,0,11561947,0,0,11564644,0,0,11561940,0,0,11564657,0,0,11561975,0,0,11564747,0,0,11562026,0,0,11564612,0,0,11561961,0,0,11564741,0,0,11562074,0,0,11564630,0,0,64,2644666228,298740719,139699200,22848000,102573702,151450217,15993600,0,26204173797.0,10295638448.0,232318405168.0,35763334.0,0.0,2002525209.0,0,372965430,24116129,0.0,0.0,93433.0,0.0,64,5222400,0,0,326400,0,0,0,0,0.0,0.0,0.0,0.0,0.0,0.0,0,1958400,0.0,0.0,0.0,3.0,64,10444800,24170779,0,0,10444800,24170779,0,0,10444800,24170779,0,0,10444800,24170779,0,0,10444800,24170779,0,0,10444800,24170779,0,0,10444800,24170779,0,0,10444800,24170779,0,0,10444800,24170779,0,0,10444800,24170779,0,0,10444800,24170779,0,0,10444800,24170779,0,0,10444800,24170779,0,0,10444800,24170779,0,0,10444800,24170779,0,0,10444800,24170779,0,0,10444800,24170779,0,0,10444800,24170779,0,0,10444800,24170779,0,0,10444800,24170779,0,0,10444800,24170779,0,0,10444800,24170779,0,0,10444800,24170779,0,0,10444800,24170779,0,0,10444800,24170779,0,0,10444800,24170779,0,0,10444800,24170779,0,0,10444800,24170779,0,0,10444800,24170779,0,0,10444800,24170779,0,0,10444800,24170779,0,0,10444800,24170779,0,0,64,193339248,193183928,326400,2896010436,5570796136,0,288,0,24167405,24167405,2898057266.0,2844088429.0,387822.0,700954309.0,2702154716.0,22848000.0,2832665336.0,2774286266.0,193339240,193193385,24167405,0,24167405,1146,773356960.0,772525794.0,6.0,0.0,6350370798174064.0,6350370814636469.0
54,"void kernel_gemm_xdlops_v2r4r2_simplified<GridwiseGemm_bk0mk1_bk0nk1_mn_xdlops_v2r4r2, false, (InMemoryDataOperationEnum)1, BlockToCTileMap_3DGrid_KSplit, PassThrough, PassThrough, PassThrough>(GridwiseGemm_bk0mk1_bk0nk1_mn_xdlops_v2r4r2<256, _Float16, _Float16, float, _Float16, RowMajor, ColumnMajor, RowMajor, PassThrough, PassThrough, PassThrough, (GemmSpecialization)3, 1, 256, 128, 4, 32, 32, 8, 4, 2, Sequence, Sequence, Sequence, 3, 8, 8, false, true, Sequence, Sequence, Sequence, 3, 8, 8, false, true, 1, 1, 8, Sequence, (LoopScheduler)0, (PipelineVersion)0, _Float16, _Float16, _Float16, Argument, BlockToCTileMap_3DGrid_KSplit PassThrough, PassThrough, PassThrough) (kd)",2,20889600,256,25088,0,96,96,32,64,5875200,0,20889600,1958400,2284800,13708800,9692774400,50918400,0.0,0.0,334233600.0,0.0,0.0,0.0,0,0,0.0,84941611.0,0.0,1954.0,64,0,1073170049,2613083,2613083,0,1071481585,2613280,2613280,0,1070588792,2613214,2613214,0,1069819252,2612996,2612996,0,1073722218,2612995,2612995,0,1077122198,2612967,2612967,0,1088966552,2613098,2613098,0,1101734003,2612710,2612710,0,1072250069,2612856,2612856,0,1069230235,2613074,2613074,0,1069652730,2613051,2613051,0,1066537105,2612845,2612845,0,1075307274,2613130,2613130,0,1075318448,2612910,2612910,0,1086504242,2612921,2612921,0,1101814107,2613257,2613257,0,1064968323,2612930,2612930,0,1063175691,2613536,2613536,0,1066166769,2612725,2612725,0,1066100890,2613164,2613164,0,1072755987,2613007,2613007,0,1073060535,2612636,2612636,0,1089513722,2613331,2613331,0,1102749701,2612833,2612833,0,1064866177,2613300,2613300,0,1062891534,2612485,2612485,0,1066821239,2613089,2613089,0,1065483532,2612779,2612779,0,1073962138,2613239,2613239,0,1071566394,2613085,2613085,0,1086700302,2612810,2612810,0,1102261637,2612833,2612833,64,0,0,288,0,50918400,50918417,0,0,24163156,31331880.0,0.0,0.0,22848000.0,1958400.0,0.0,0.0,22848000.0,81600,326400,429,24175770,14513,0,288.0,1088.0,0.0,369995346.0,64,20889600,0,0,177561600,0,0,4569600,0.0,0.0,0.0,0.0,326400,0,83486167.0,127171.0,84682672.0,0.0,64,8909117,2654245,1118562,11563362,8909086,2654222,1118508,11563308,8909320,2654087,1118607,11563407,8909038,2654170,1118408,11563208,8909010,2654791,1119001,11563801,8908895,2654357,1118452,11563252,8909035,2654694,1118929,11563729,8909151,2654013,1118364,11563164,8909273,2654072,1118545,11563345,8909034,2654176,1118410,11563210,8909130,2654280,1118610,11563410,8909120,2654108,1118428,11563228,8909462,2654214,1118876,11563676,8909111,2654173,1118484,11563284,8909243,2654216,1118659,11563459,8909071,2654112,1118383,11563183,8909140,2654257,1118597,11563397,8909252,2654062,1118514,11563314,8909382,2654073,1118655,11563455,8909076,2654135,1118411,11563211,8909109,2654310,1118619,11563419,8909102,2654107,1118409,11563209,8909130,2654211,1118541,11563341,8909041,2654159,1118400,11563200,8909007,2654354,1118561,11563361,8909185,2654133,1118518,11563318,8909180,2654248,1118628,11563428,8909080,2654097,1118377,11563177,8909128,2654222,1118550,11563350,8909292,2654032,1118524,11563324,8909433,2654031,1118664,11563464,8909139,2654253,1118592,11563392,64,0,52876800,0,0,0,326400,258508800,2624452745,1938218.0,394668940.0,0.0,396898536.0,347630669.0,22848000.0,0,1446774021,0,68359,83615974.0,83615974.0,0.0,137494.0,64,143617,0,0,2284800,2280762,288,3750,1305600,1462272000.0,1462272000.0,125337600.0,0.0,20889600.0,365568000.0,20889600.0,0.0,47803378,22947472,52391,5437,0,24169156,370021419.0,0.0,285081292.0,84940127.0,64,0.0,64,326400,652800,20889600,1958400,22848000,13708800,0,2284800,0.0,1336934400.0,360.0,396898536.0,0.0,0.0,25025251,0,6288,24174577,1157,35766576.0,0.0,334233600.0,83615290.0,64,3282,0,0,814437817,3411,0,0,811591244,3829,0,0,816862700,3136,0,0,816337701,3851,0,0,815567623,3230,0,0,813889187,3308,0,0,834231613,2770,0,0,849067555,3270,0,0,812429573,3670,0,0,811122518,3696,0,0,811231905,2891,0,0,807742599,3546,0,0,815991494,3427,0,0,812650659,3749,0,0,832723875,3046,0,0,844418720,3429,0,0,801921284,3312,0,0,801076996,3508,0,0,810688813,2756,0,0,806977063,3435,0,0,815602309,3222,0,0,813372295,3501,0,0,831079554,3191,0,0,843603219,3719,0,0,804847440,3000,0,0,800455659,3340,0,0,807934127,3024,0,0,807067436,3239,0,0,815303567,3298,0,0,813032355,3727,0,0,832981421,3351,0,0,844312771,64,35766649.0,0.0,334233600.0,2714815591.0,84933544.0,83613894.0,34446900516.0,26159028568.0,64,2654288,0,0,0,2654343,0,0,0,2654133,0,0,0,2654310,0,0,0,2654316,0,0,0,2654421,0,0,0,2654635,0,0,0,2654272,0,0,0,2654074,0,0,0,2654260,0,0,0,2654352,0,0,0,2654657,0,0,0,2654150,0,0,0,2654293,0,0,0,2654228,0,0,0,2654229,0,0,0,2654254,0,0,0,2654245,0,0,0,2654113,0,0,0,2654213,0,0,0,2654256,0,0,0,2654126,0,0,0,2654300,0,0,0,2654281,0,0,0,2654317,0,0,0,2654220,0,0,0,2654318,0,0,0,2654260,0,0,0,2654320,0,0,0,2654149,0,0,0,2654063,0,0,0,2654156,0,0,0,64,11563014,0,0,11561549,0,0,11563092,0,0,11561406,0,0,11563032,0,0,11561466,0,0,11563135,0,0,11561417,0,0,11563039,0,0,11561396,0,0,11563015,0,0,11561407,0,0,11563058,0,0,11561539,0,0,11563099,0,0,11561410,0,0,11563046,0,0,11561510,0,0,11563113,0,0,11561415,0,0,11563004,0,0,11561438,0,0,11562994,0,0,11561418,0,0,11563013,0,0,11561518,0,0,11563061,0,0,11561410,0,0,11563041,0,0,11561533,0,0,11563109,0,0,11561421,0,0,64,2647065581,298742811,139699200,22848000,102575829,151450182,15993600,0,26177451813.0,10262547143.0,232166063974.0,35723401.0,0.0,2001901140.0,0,380130225,24092997,0.0,0.0,130214.0,0.0,64,5222400,0,0,326400,0,0,0,0,0.0,0.0,0.0,0.0,0.0,0.0,0,1958400,0.0,0.0,0.0,0.0,64,10444800,24174921,0,0,10444800,24174921,0,0,10444800,24174921,0,0,10444800,24174921,0,0,10444800,24174921,0,0,10444800,24174921,0,0,10444800,24174921,0,0,10444800,24174921,0,0,10444800,24174921,0,0,10444800,24174921,0,0,10444800,24174921,0,0,10444800,24174921,0,0,10444800,24174921,0,0,10444800,24174921,0,0,10444800,24174921,0,0,10444800,24174921,0,0,10444800,24174921,0,0,10444800,24174921,0,0,10444800,24174921,0,0,10444800,24174921,0,0,10444800,24174921,0,0,10444800,24174921,0,0,10444800,24174921,0,0,10444800,24174921,0,0,10444800,24174921,0,0,10444800,24174921,0,0,10444800,24174921,0,0,10444800,24174921,0,0,10444800,24174921,0,0,10444800,24174921,0,0,10444800,24174921,0,0,10444800,24174921,0,0,64,193473712,193313223,326400,2898215133,5564794142,0,288,0,24184213,24184213,2899997036.0,2845275112.0,388773.0,701769056.0,2701976269.0,22848000.0,2833706498.0,2775277360.0,193473704,193323065,24184213,0,24184213,1558,773894816.0,773113667.0,6.0,0.0,6350370814636469.0,6350370831076319.0
55,"void kernel_gemm_xdlops_v2r4r2_simplified<GridwiseGemm_bk0mk1_bk0nk1_mn_xdlops_v2r4r2, false, (InMemoryDataOperationEnum)1, BlockToCTileMap_3DGrid_KSplit, PassThrough, PassThrough, PassThrough>(GridwiseGemm_bk0mk1_bk0nk1_mn_xdlops_v2r4r2<256, _Float16, _Float16, float, _Float16, RowMajor, ColumnMajor, RowMajor, PassThrough, PassThrough, PassThrough, (GemmSpecialization)3, 1, 256, 128, 4, 32, 32, 8, 4, 2, Sequence, Sequence, Sequence, 3, 8, 8, false, true, Sequence, Sequence, Sequence, 3, 8, 8, false, true, 1, 1, 8, Sequence, (LoopScheduler)0, (PipelineVersion)0, _Float16, _Float16, _Float16, Argument, BlockToCTileMap_3DGrid_KSplit PassThrough, PassThrough, PassThrough) (kd)",2,20889600,256,25088,0,96,96,32,64,5875200,0,20889600,1958400,2284800,13708800,9692774400,50918400,0.0,0.0,334233600.0,0.0,0.0,0.0,0,0,0.0,84939167.0,0.0,2196.0,64,0,1074966789,2613123,2613123,0,1071916802,2613182,2613182,0,1072154216,2613061,2613061,0,1074159300,2612814,2612814,0,1075278298,2612858,2612858,0,1073616399,2613063,2613063,0,1091281624,2613098,2613098,0,1101626275,2612795,2612795,0,1074341792,2612857,2612857,0,1067675021,2612974,2612974,0,1067263716,2612934,2612934,0,1064132156,2612737,2612737,0,1076921938,2613055,2613055,0,1073711610,2612869,2612869,0,1089708551,2612766,2612766,0,1099686152,2613197,2613197,0,1062089624,2612952,2612952,0,1065757316,2613667,2613667,0,1066249549,2612563,2612563,0,1061472780,2613130,2613130,0,1076018277,2613098,2613098,0,1072215381,2612614,2612614,0,1089245953,2613279,2613279,0,1099569794,2612631,2612631,0,1064436880,2613225,2613225,0,1060888186,2612474,2612474,0,1065086156,2613108,2613108,0,1064136855,2612719,2612719,0,1075243152,2613130,2613130,0,1073611501,2613104,2613104,0,1088534027,2612736,2612736,0,1103345729,2612743,2612743,64,0,0,288,0,50918400,50918446,0,0,24162655,31331880.0,0.0,0.0,22848000.0,1958400.0,0.0,0.0,22848000.0,81600,326400,509,24176473,11792,0,288.0,1038.0,0.0,370031932.0,64,20889600,0,0,177561600,0,0,4569600,0.0,0.0,0.0,0.0,326400,0,83488015.0,125553.0,84672300.0,0.0,64,8907147,2654250,1116597,11561397,8907194,2654158,1116552,11561352,8907337,2654124,1116661,11561461,8907178,2654132,1116510,11561310,8907112,2654665,1116977,11561777,8907091,2654247,1116538,11561338,8907176,2654563,1116939,11561739,8907273,2654007,1116480,11561280,8907314,2654052,1116566,11561366,8907237,2654061,1116498,11561298,8907204,2654339,1116743,11561543,8907097,2654134,1116431,11561231,8907245,2654122,1116567,11561367,8907299,2654101,1116600,11561400,8907303,2654149,1116652,11561452,8907250,2654052,1116502,11561302,8907510,2654176,1116886,11561686,8907360,2654056,1116616,11561416,8907437,2654011,1116648,11561448,8907194,2654110,1116504,11561304,8907113,2654271,1116584,11561384,8907306,2654002,1116508,11561308,8907212,2654204,1116616,11561416,8907141,2654131,1116472,11561272,8907062,2654316,1116578,11561378,8907387,2654011,1116598,11561398,8907223,2654214,1116637,11561437,8907231,2654034,1116465,11561265,8907215,2654178,1116593,11561393,8907401,2653991,1116592,11561392,8907434,2654040,1116674,11561474,8907262,2654132,1116594,11561394,64,0,52876800,0,0,0,326400,258508800,2624330198,1935583.0,394671281.0,0.0,396898536.0,349290031.0,22848000.0,0,1482475832,0,66207,83612390.0,83612390.0,0.0,101280.0,64,159532,0,0,2284800,2280674,288,3838,1305600,1462272000.0,1462272000.0,125337600.0,0.0,20889600.0,365568000.0,20889600.0,0.0,47841328,23407715,52248,5433,0,24193103,369983314.0,0.0,285047262.0,84936052.0,64,0.0,64,326400,652800,20889600,1958400,22848000,13708800,0,2284800,0.0,1336934400.0,360.0,396898536.0,0.0,0.0,24794199,0,5901,24159245,1184,35800017.0,0.0,334233600.0,83613369.0,64,3550,0,0,814672790,3406,0,0,813683877,3871,0,0,813120916,3219,0,0,811524711,3240,0,0,811842002,3454,0,0,814501775,3076,0,0,833829291,3891,0,0,843426031,3808,0,0,809828569,3280,0,0,808045706,3847,0,0,808901355,3563,0,0,808982093,3593,0,0,811937064,3406,0,0,814893684,4129,0,0,833516790,3787,0,0,847664440,3147,0,0,803730843,3192,0,0,802728205,4382,0,0,808154759,4137,0,0,808050365,3360,0,0,812272544,2937,0,0,813423819,4167,0,0,832809177,4066,0,0,844696273,3384,0,0,803869664,3042,0,0,804765669,4085,0,0,805835191,3434,0,0,806145455,3749,0,0,814429076,2910,0,0,813035456,3815,0,0,830590812,3538,0,0,843688368,64,35794751.0,0.0,334233600.0,2716033572.0,84932073.0,83613352.0,34447170253.0,26145037874.0,64,2654456,0,0,0,2654273,0,0,0,2654364,0,0,0,2654214,0,0,0,2654537,0,0,0,2654450,0,0,0,2654875,0,0,0,2654165,0,0,0,2654317,0,0,0,2654231,0,0,0,2654471,0,0,0,2654652,0,0,0,2654339,0,0,0,2654295,0,0,0,2654481,0,0,0,2654156,0,0,0,2654434,0,0,0,2654204,0,0,0,2654267,0,0,0,2654132,0,0,0,2654552,0,0,0,2654177,0,0,0,2654421,0,0,0,2654246,0,0,0,2654529,0,0,0,2654079,0,0,0,2654454,0,0,0,2654196,0,0,0,2654434,0,0,0,2654167,0,0,0,2654288,0,0,0,2654113,0,0,0,64,11560025,0,0,11562506,0,0,11560042,0,0,11562398,0,0,11559975,0,0,11562502,0,0,11560061,0,0,11562390,0,0,11560004,0,0,11562393,0,0,11559980,0,0,11562407,0,0,11559996,0,0,11562479,0,0,11560073,0,0,11562385,0,0,11560003,0,0,11562531,0,0,11560086,0,0,11562375,0,0,11560004,0,0,11562352,0,0,11560013,0,0,11562368,0,0,11559970,0,0,11562525,0,0,11560027,0,0,11562403,0,0,11559959,0,0,11562536,0,0,11560056,0,0,11562400,0,0,64,2641786930,298740433,139699200,22848000,102573368,151450265,15993600,0,26200397100.0,10280454683.0,232258496730.0,35785156.0,0.0,2002616723.0,0,369029280,24117280,0.0,0.0,119794.0,0.0,64,5222400,0,0,326400,0,0,0,0,0.0,0.0,0.0,0.0,0.0,0.0,0,1958400,0.0,0.0,0.0,4.0,64,10444800,24174559,0,0,10444800,24174559,0,0,10444800,24174559,0,0,10444800,24174559,0,0,10444800,24174559,0,0,10444800,24174559,0,0,10444800,24174559,0,0,10444800,24174559,0,0,10444800,24174559,0,0,10444800,24174559,0,0,10444800,24174559,0,0,10444800,24174559,0,0,10444800,24174559,0,0,10444800,24174559,0,0,10444800,24174559,0,0,10444800,24174559,0,0,10444800,24174559,0,0,10444800,24174559,0,0,10444800,24174559,0,0,10444800,24174559,0,0,10444800,24174559,0,0,10444800,24174559,0,0,10444800,24174559,0,0,10444800,24174559,0,0,10444800,24174559,0,0,10444800,24174559,0,0,10444800,24174559,0,0,10444800,24174559,0,0,10444800,24174559,0,0,10444800,24174559,0,0,10444800,24174559,0,0,10444800,24174559,0,0,64,193431432,193272602,326400,2897269363,5562035763,0,288,0,24178928,24178928,2899387462.0,2844055927.0,387275.0,702241824.0,2700355261.0,22848000.0,2832460028.0,2774025988.0,193431424,193282003,24178928,0,24178928,1546,773725696.0,772915429.0,6.0,0.0,6350370831076187.0,6350370847543233.0
56,"void kernel_gemm_xdlops_v2r4r2_simplified<GridwiseGemm_bk0mk1_bk0nk1_mn_xdlops_v2r4r2, false, (InMemoryDataOperationEnum)1, BlockToCTileMap_3DGrid_KSplit, PassThrough, PassThrough, PassThrough>(GridwiseGemm_bk0mk1_bk0nk1_mn_xdlops_v2r4r2<256, _Float16, _Float16, float, _Float16, RowMajor, ColumnMajor, RowMajor, PassThrough, PassThrough, PassThrough, (GemmSpecialization)3, 1, 256, 128, 4, 32, 32, 8, 4, 2, Sequence, Sequence, Sequence, 3, 8, 8, false, true, Sequence, Sequence, Sequence, 3, 8, 8, false, true, 1, 1, 8, Sequence, (LoopScheduler)0, (PipelineVersion)0, _Float16, _Float16, _Float16, Argument, BlockToCTileMap_3DGrid_KSplit PassThrough, PassThrough, PassThrough) (kd)",2,20889600,256,25088,0,96,96,32,64,5875200,0,20889600,1958400,2284800,13708800,9692774400,50918400,0.0,0.0,334233600.0,0.0,0.0,0.0,0,0,0.0,84937681.0,0.0,1728.0,64,0,1072001800,2612906,2612906,0,1072800698,2613069,2613069,0,1071839077,2613037,2613037,0,1071560483,2612918,2612918,0,1076894245,2612838,2612838,0,1072768174,2612899,2612899,0,1090811078,2613098,2613098,0,1098864859,2612689,2612689,0,1071430267,2612767,2612767,0,1070590933,2612978,2612978,0,1068430658,2612963,2612963,0,1065261027,2612715,2612715,0,1072534015,2613022,2613022,0,1072559675,2612911,2612911,0,1086849950,2612909,2612909,0,1099942271,2613254,2613254,0,1063565278,2612851,2612851,0,1064048395,2613636,2613636,0,1063616429,2612646,2612646,0,1065392560,2613292,2613292,0,1074344947,2613131,2613131,0,1076178925,2612516,2612516,0,1088770938,2613257,2613257,0,1102203920,2612672,2612672,0,1066479119,2613249,2613249,0,1061509795,2612546,2612546,0,1065107530,2613078,2613078,0,1065411313,2612649,2612649,0,1073404466,2613012,2613012,0,1073454990,2612996,2612996,0,1087317760,2612630,2612630,0,1102759340,2612674,2612674,64,0,0,288,0,50918400,50918424,0,0,24172769,31331880.0,0.0,0.0,22848000.0,1958400.0,0.0,0.0,22848000.0,81600,326400,429,24185954,11234,0,288.0,927.0,0.0,370012538.0,64,20889600,0,0,177561600,0,0,4569600,0.0,0.0,0.0,0.0,326400,0,83489859.0,126343.0,84686846.0,0.0,64,8908203,2654479,1117882,11562682,8909320,2654430,1118950,11563750,8908378,2654379,1117957,11562757,8909319,2654346,1118865,11563665,8908149,2654949,1118298,11563098,8908953,2654763,1118916,11563716,8908062,2654934,1118196,11562996,8909420,2654251,1118871,11563671,8908441,2654242,1117883,11562683,8909154,2654466,1118820,11563620,8908262,2654523,1117985,11562785,8909274,2654361,1118835,11563635,8908356,2654323,1117879,11562679,8909357,2654421,1118978,11563778,8908338,2654433,1117971,11562771,8909348,2654308,1118856,11563656,8908516,2654444,1118160,11562960,8909385,2654387,1118972,11563772,8908355,2654360,1117915,11562715,8909341,2654358,1118899,11563699,8908224,2654483,1117907,11562707,8909272,2654379,1118851,11563651,8908205,2654471,1117876,11562676,8909208,2654405,1118813,11563613,8908073,2654602,1117875,11562675,8909407,2654365,1118972,11563772,8908194,2654491,1117885,11562685,8909379,2654275,1118854,11563654,8908142,2654493,1117835,11562635,8909485,2654287,1118972,11563772,8908441,2654286,1117927,11562727,8909372,2654495,1119067,11563867,64,0,52876800,0,0,0,326400,258508800,2622652205,1936519.0,394670372.0,0.0,396898536.0,348127344.0,22848000.0,0,1486117993,0,68120,83615851.0,83615851.0,0.0,130177.0,64,151821,0,0,2284800,2280772,288,3740,1305600,1462272000.0,1462272000.0,125337600.0,0.0,20889600.0,365568000.0,20889600.0,0.0,47784972,22969918,51702,5403,0,24168281,370023075.0,0.0,285085013.0,84938062.0,64,0.0,64,326400,652800,20889600,1958400,22848000,13708800,0,2284800,0.0,1336934400.0,360.0,396898536.0,0.0,0.0,25127968,0,5763,24166870,1333,35800441.0,0.0,334233600.0,83613318.0,64,4138,0,0,814242265,2974,0,0,810900115,3791,0,0,815050124,3992,0,0,814251554,3957,0,0,810762578,2916,0,0,812524493,3927,0,0,832377198,4083,0,0,846503630,4757,0,0,815289612,3298,0,0,813023919,4236,0,0,809763286,4128,0,0,807713419,4031,0,0,814808887,3306,0,0,817371718,4044,0,0,828640388,3832,0,0,843530714,4396,0,0,806692049,3337,0,0,806932921,3614,0,0,802859513,3436,0,0,804237882,3649,0,0,816333197,3722,0,0,813308717,3827,0,0,831033426,3809,0,0,847606564,4363,0,0,803621162,3218,0,0,802326318,4050,0,0,808073991,4105,0,0,809643674,4040,0,0,812878760,3206,0,0,809246622,4236,0,0,831757115,3848,0,0,846261393,64,35819967.0,0.0,334233600.0,2718267699.0,84938541.0,83616324.0,34428607207.0,26146705560.0,64,2654424,0,0,0,2654343,0,0,0,2654219,0,0,0,2654226,0,0,0,2654418,0,0,0,2654409,0,0,0,2654625,0,0,0,2654215,0,0,0,2654159,0,0,0,2654226,0,0,0,2654334,0,0,0,2654639,0,0,0,2654292,0,0,0,2654240,0,0,0,2654250,0,0,0,2654168,0,0,0,2654416,0,0,0,2654184,0,0,0,2654143,0,0,0,2654164,0,0,0,2654379,0,0,0,2654152,0,0,0,2654301,0,0,0,2654160,0,0,0,2654433,0,0,0,2654169,0,0,0,2654259,0,0,0,2654137,0,0,0,2654420,0,0,0,2654177,0,0,0,2654139,0,0,0,2654165,0,0,0,64,11561651,0,0,11561687,0,0,11561731,0,0,11561544,0,0,11561682,0,0,11561614,0,0,11561735,0,0,11561557,0,0,11561662,0,0,11561524,0,0,11561671,0,0,11561532,0,0,11561648,0,0,11561670,0,0,11561732,0,0,11561563,0,0,11561657,0,0,11561686,0,0,11561728,0,0,11561552,0,0,11561596,0,0,11561591,0,0,11561648,0,0,11561537,0,0,11561614,0,0,11561697,0,0,11561666,0,0,11561566,0,0,11561677,0,0,11561659,0,0,11561709,0,0,11561571,0,0,64,2645088438,298741903,139699200,22848000,102574792,151450311,15993600,0,26192879622.0,10297108704.0,232204250716.0,35745940.0,0.0,2002020172.0,0,371798430,24108128,0.0,0.0,101329.0,0.0,64,5222400,0,0,326400,0,0,0,0,0.0,0.0,0.0,0.0,0.0,0.0,0,1958400,0.0,0.0,0.0,82.0,64,10444800,24171205,0,0,10444800,24171205,0,0,10444800,24171205,0,0,10444800,24171205,0,0,10444800,24171205,0,0,10444800,24171205,0,0,10444800,24171205,0,0,10444800,24171205,0,0,10444800,24171205,0,0,10444800,24171205,0,0,10444800,24171205,0,0,10444800,24171205,0,0,10444800,24171205,0,0,10444800,24171205,0,0,10444800,24171205,0,0,10444800,24171205,0,0,10444800,24171205,0,0,10444800,24171205,0,0,10444800,24171205,0,0,10444800,24171205,0,0,10444800,24171205,0,0,10444800,24171205,0,0,10444800,24171205,0,0,10444800,24171205,0,0,10444800,24171205,0,0,10444800,24171205,0,0,10444800,24171205,0,0,10444800,24171205,0,0,10444800,24171205,0,0,10444800,24171205,0,0,10444800,24171205,0,0,10444800,24171205,0,0,64,193295576,193143085,326400,2895518883,5567040164,0,288,0,24161946,24161946,2897444678.0,2843331668.0,386719.0,701026688.0,2701002384.0,22848000.0,2831867548.0,2773473066.0,193295568,193152613,24161946,0,24161946,1539,773182272.0,772410238.0,6.0,0.0,6350370847543233.0,6350370864000677.0
57,"void kernel_gemm_xdlops_v2r4r2_simplified<GridwiseGemm_bk0mk1_bk0nk1_mn_xdlops_v2r4r2, false, (InMemoryDataOperationEnum)1, BlockToCTileMap_3DGrid_KSplit, PassThrough, PassThrough, PassThrough>(GridwiseGemm_bk0mk1_bk0nk1_mn_xdlops_v2r4r2<256, _Float16, _Float16, float, _Float16, RowMajor, ColumnMajor, RowMajor, PassThrough, PassThrough, PassThrough, (GemmSpecialization)3, 1, 256, 128, 4, 32, 32, 8, 4, 2, Sequence, Sequence, Sequence, 3, 8, 8, false, true, Sequence, Sequence, Sequence, 3, 8, 8, false, true, 1, 1, 8, Sequence, (LoopScheduler)0, (PipelineVersion)0, _Float16, _Float16, _Float16, Argument, BlockToCTileMap_3DGrid_KSplit PassThrough, PassThrough, PassThrough) (kd)",2,20889600,256,25088,0,96,96,32,64,5875200,0,20889600,1958400,2284800,13708800,9692774400,50918400,0.0,0.0,334233600.0,0.0,0.0,0.0,0,0,0.0,84937172.0,0.0,1868.0,64,0,1074222954,2612955,2612955,0,1072904275,2613216,2613216,0,1070650583,2613118,2613118,0,1071418109,2612828,2612828,0,1072910431,2612831,2612831,0,1076324919,2612886,2612886,0,1091346131,2613074,2613074,0,1100796642,2612629,2612629,0,1072902731,2612792,2612792,0,1068590358,2613014,2613014,0,1066867634,2613053,2613053,0,1066316814,2612783,2612783,0,1074759225,2612965,2612965,0,1075411530,2612906,2612906,0,1087088801,2612768,2612768,0,1101077672,2613330,2613330,0,1064958319,2612868,2612868,0,1063746729,2613642,2613642,0,1064855288,2612626,2612626,0,1065458466,2613266,2613266,0,1074773532,2613199,2613199,0,1073806220,2612594,2612594,0,1086931762,2613320,2613320,0,1101224865,2612707,2612707,0,1063784694,2613248,2613248,0,1060388525,2612395,2612395,0,1065429970,2613109,2613109,0,1065797971,2612664,2612664,0,1078246928,2613164,2613164,0,1076888671,2612978,2612978,0,1090317628,2612757,2612757,0,1102164756,2612786,2612786,64,0,0,288,0,50918400,50918410,0,0,24166488,31331880.0,0.0,0.0,22848000.0,1958400.0,0.0,0.0,22848000.0,81600,326400,509,24180153,11551,0,288.0,967.0,0.0,369960023.0,64,20889600,0,0,177561600,0,0,4569600,0.0,0.0,0.0,0.0,326400,0,83488567.0,125828.0,84685178.0,0.0,64,8907087,2654346,1116633,11561433,8908006,2654300,1117506,11562306,8907285,2654218,1116703,11561503,8907952,2654255,1117407,11562207,8907062,2654728,1116990,11561790,8907959,2654312,1117471,11562271,8907045,2654739,1116984,11561784,8908068,2654120,1117388,11562188,8907346,2654101,1116647,11561447,8907998,2654199,1117397,11562197,8907243,2654274,1116717,11561517,8907952,2654198,1117350,11562150,8907162,2654260,1116622,11561422,8908139,2654177,1117516,11562316,8907224,2654278,1116702,11561502,8908018,2654158,1117376,11562176,8907061,2654379,1116640,11561440,8908134,2654164,1117498,11562298,8907415,2654109,1116724,11561524,8908055,2654156,1117411,11562211,8907091,2654340,1116631,11561431,8908008,2654164,1117372,11562172,8907376,2654313,1116889,11561689,8907960,2654244,1117404,11562204,8907007,2654385,1116592,11561392,8908276,2654042,1117518,11562318,8907138,2654330,1116668,11561468,8908029,2654171,1117400,11562200,8907079,2654340,1116619,11561419,8908117,2654190,1117507,11562307,8907359,2654141,1116700,11561500,8908080,2654257,1117537,11562337,64,0,52876800,0,0,0,326400,258508800,2623511833,1937907.0,394668723.0,0.0,396898536.0,348381155.0,22848000.0,0,1469909252,0,66225,83615400.0,83615400.0,0.0,123399.0,64,152082,0,0,2284800,2280813,288,3699,1305600,1462272000.0,1462272000.0,125337600.0,0.0,20889600.0,365568000.0,20889600.0,0.0,47811315,22541124,52475,5389,0,24168458,369973300.0,0.0,285034317.0,84938983.0,64,0.0,64,326400,652800,20889600,1958400,22848000,13708800,0,2284800,0.0,1336934400.0,360.0,396898536.0,0.0,0.0,24900231,0,5750,24167354,1136,35761065.0,0.0,334233600.0,83615774.0,64,4125,0,0,816284745,3347,0,0,810050250,4206,0,0,813814161,3181,0,0,813124273,4171,0,0,815144859,3297,0,0,812008057,3766,0,0,834045028,3371,0,0,843791658,4445,0,0,813676605,3525,0,0,812654636,4031,0,0,810869848,3341,0,0,807907154,3543,0,0,814015028,3590,0,0,812039474,4277,0,0,828766338,3607,0,0,848243725,4156,0,0,805080657,3465,0,0,800998821,3701,0,0,808177592,3405,0,0,807895592,3962,0,0,812931423,3409,0,0,812837748,4248,0,0,833393512,3499,0,0,847531362,3694,0,0,805241221,3296,0,0,802287248,4274,0,0,807964270,3322,0,0,805689280,3836,0,0,814925480,3391,0,0,813775888,4153,0,0,832579694,2907,0,0,843205712,64,35754826.0,0.0,334233600.0,2714395452.0,84935312.0,83614624.0,34449794939.0,26165191719.0,64,2654513,0,0,0,2654466,0,0,0,2654364,0,0,0,2654365,0,0,0,2654557,0,0,0,2654490,0,0,0,2654828,0,0,0,2654414,0,0,0,2654377,0,0,0,2654510,0,0,0,2654391,0,0,0,2654769,0,0,0,2654378,0,0,0,2654444,0,0,0,2654499,0,0,0,2654370,0,0,0,2654476,0,0,0,2654365,0,0,0,2654368,0,0,0,2654351,0,0,0,2654551,0,0,0,2654330,0,0,0,2654355,0,0,0,2654507,0,0,0,2654623,0,0,0,2654291,0,0,0,2654451,0,0,0,2654369,0,0,0,2654511,0,0,0,2654312,0,0,0,2654251,0,0,0,2654281,0,0,0,64,11561174,0,0,11560251,0,0,11561270,0,0,11560124,0,0,11561146,0,0,11560224,0,0,11561230,0,0,11560125,0,0,11561170,0,0,11560127,0,0,11561177,0,0,11560131,0,0,11561171,0,0,11560275,0,0,11561234,0,0,11560147,0,0,11561113,0,0,11560298,0,0,11561245,0,0,11560123,0,0,11561154,0,0,11560111,0,0,11561132,0,0,11560156,0,0,11561150,0,0,11560267,0,0,11561201,0,0,11560126,0,0,11561175,0,0,11560226,0,0,11561221,0,0,11560138,0,0,64,2648280535,298742024,139699200,22848000,102575026,151450198,15993600,0,26204184391.0,10279988318.0,232337582543.0,35745651.0,0.0,2003784881.0,0,378302715,24105645,0.0,0.0,114073.0,0.0,64,5222400,0,0,326400,0,0,0,0,0.0,0.0,0.0,0.0,0.0,0.0,0,1958400,0.0,0.0,0.0,1.0,64,10444800,24179176,0,0,10444800,24179176,0,0,10444800,24179176,0,0,10444800,24179176,0,0,10444800,24179176,0,0,10444800,24179176,0,0,10444800,24179176,0,0,10444800,24179176,0,0,10444800,24179176,0,0,10444800,24179176,0,0,10444800,24179176,0,0,10444800,24179176,0,0,10444800,24179176,0,0,10444800,24179176,0,0,10444800,24179176,0,0,10444800,24179176,0,0,10444800,24179176,0,0,10444800,24179176,0,0,10444800,24179176,0,0,10444800,24179176,0,0,10444800,24179176,0,0,10444800,24179176,0,0,10444800,24179176,0,0,10444800,24179176,0,0,10444800,24179176,0,0,10444800,24179176,0,0,10444800,24179176,0,0,10444800,24179176,0,0,10444800,24179176,0,0,10444800,24179176,0,0,10444800,24179176,0,0,10444800,24179176,0,0,64,193397920,193222095,326400,2896729507,5567062840,0,288,0,24174739,24174739,2898630116.0,2844205170.0,388144.0,701113877.0,2701332662.0,22848000.0,2832713624.0,2774314613.0,193397912,193231941,24174739,0,24174739,1573,773591648.0,772733142.0,6.0,0.0,6350370864000677.0,6350370880457327.0
58,"void kernel_gemm_xdlops_v2r4r2_simplified<GridwiseGemm_bk0mk1_bk0nk1_mn_xdlops_v2r4r2, false, (InMemoryDataOperationEnum)1, BlockToCTileMap_3DGrid_KSplit, PassThrough, PassThrough, PassThrough>(GridwiseGemm_bk0mk1_bk0nk1_mn_xdlops_v2r4r2<256, _Float16, _Float16, float, _Float16, RowMajor, ColumnMajor, RowMajor, PassThrough, PassThrough, PassThrough, (GemmSpecialization)3, 1, 256, 128, 4, 32, 32, 8, 4, 2, Sequence, Sequence, Sequence, 3, 8, 8, false, true, Sequence, Sequence, Sequence, 3, 8, 8, false, true, 1, 1, 8, Sequence, (LoopScheduler)0, (PipelineVersion)0, _Float16, _Float16, _Float16, Argument, BlockToCTileMap_3DGrid_KSplit PassThrough, PassThrough, PassThrough) (kd)",2,20889600,256,25088,0,96,96,32,64,5875200,0,20889600,1958400,2284800,13708800,9692774400,50918400,0.0,0.0,334233600.0,0.0,0.0,0.0,0,0,0.0,84937439.0,0.0,1914.0,64,0,1072752157,2612972,2612972,0,1069970558,2613257,2613257,0,1068624608,2613038,2613038,0,1073265103,2613072,2613072,0,1076274825,2612830,2612830,0,1073927546,2612946,2612946,0,1089811177,2613122,2613122,0,1102084083,2612970,2612970,0,1073521852,2612758,2612758,0,1067523460,2613163,2613163,0,1067922220,2612931,2612931,0,1066863865,2612906,2612906,0,1074661414,2613122,2613122,0,1074131027,2613043,2613043,0,1088566414,2612921,2612921,0,1100986680,2613440,2613440,0,1064678604,2612947,2612947,0,1062240427,2613508,2613508,0,1064407331,2612625,2612625,0,1067024074,2613240,2613240,0,1073955639,2613166,2613166,0,1069965477,2612769,2612769,0,1089518081,2613239,2613239,0,1102713962,2612888,2612888,0,1066525013,2613216,2613216,0,1059977336,2612527,2612527,0,1063534908,2613058,2613058,0,1063488928,2612940,2612940,0,1075580352,2613194,2613194,0,1072225315,2613059,2613059,0,1089191533,2612795,2612795,0,1102328183,2612882,2612882,64,0,0,288,0,50918400,50918426,0,0,24174932,31331880.0,0.0,0.0,22848000.0,1958400.0,0.0,0.0,22848000.0,81600,326400,429,24187896,11143,0,288.0,969.0,0.0,369974093.0,64,20889600,0,0,177561600,0,0,4569600,0.0,0.0,0.0,0.0,326400,0,83488979.0,126786.0,84686828.0,0.0,64,8907184,2654129,1116513,11561313,8908491,2654272,1117963,11562763,8907256,2654126,1116582,11561382,8908317,2654311,1117828,11562628,8907092,2654651,1116943,11561743,8908290,2654439,1117929,11562729,8906998,2654678,1116876,11561676,8908486,2654134,1117820,11562620,8907325,2653997,1116522,11561322,8908320,2654295,1117815,11562615,8907144,2654232,1116576,11561376,8908406,2654256,1117862,11562662,8907237,2654107,1116544,11561344,8908499,2654246,1117945,11562745,8907191,2654243,1116634,11561434,8908429,2654188,1117817,11562617,8907153,2654152,1116505,11561305,8908536,2654211,1117947,11562747,8907239,2654158,1116597,11561397,8908424,2654215,1117839,11562639,8907095,2654222,1116517,11561317,8908463,2654181,1117844,11562644,8907421,2654179,1116800,11561600,8908398,2654212,1117810,11562610,8907075,2654235,1116510,11561310,8908604,2654133,1117937,11562737,8907087,2654266,1116553,11561353,8908471,2654182,1117853,11562653,8907183,2654123,1116506,11561306,8908636,2654144,1117980,11562780,8907268,2654116,1116584,11561384,8908524,2654235,1117959,11562759,64,0,52876800,0,0,0,326400,258508800,2622297905,1938702.0,394668912.0,0.0,396898536.0,348635681.0,22848000.0,0,1479952361,0,66760,83616236.0,83616236.0,0.0,130675.0,64,163018,0,0,2284800,2280738,288,3774,1305600,1462272000.0,1462272000.0,125337600.0,0.0,20889600.0,365568000.0,20889600.0,0.0,47776927,22832576,50513,5441,0,24152331,370008071.0,0.0,285070548.0,84937523.0,64,0.0,64,326400,652800,20889600,1958400,22848000,13708800,0,2284800,0.0,1336934400.0,360.0,396898536.0,0.0,0.0,25133269,0,5764,24171667,1178,35756191.0,0.0,334233600.0,83614742.0,64,3960,0,0,813400087,2523,0,0,811668028,3678,0,0,816021340,3329,0,0,814685749,3742,0,0,814299684,3541,0,0,815971901,3676,0,0,833063723,3277,0,0,846596449,4118,0,0,810902495,3430,0,0,811231026,3638,0,0,809159884,3409,0,0,807615185,3732,0,0,813914496,3604,0,0,814370425,3511,0,0,828524898,3311,0,0,843971042,4005,0,0,803185704,3483,0,0,805152104,4135,0,0,802438122,3617,0,0,807493127,3764,0,0,813951773,3036,0,0,812344288,3747,0,0,831593314,3510,0,0,847363022,4025,0,0,804448281,3512,0,0,802991688,3895,0,0,808089628,3507,0,0,809862797,4145,0,0,815068246,3509,0,0,814728496,3414,0,0,833193704,3402,0,0,844159143,64,35738111.0,0.0,334233600.0,2715714196.0,84937678.0,83616413.0,34458388587.0,26157829677.0,64,2654247,0,0,0,2654452,0,0,0,2654142,0,0,0,2654328,0,0,0,2654292,0,0,0,2654533,0,0,0,2654590,0,0,0,2654481,0,0,0,2654057,0,0,0,2654372,0,0,0,2654239,0,0,0,2654699,0,0,0,2654112,0,0,0,2654397,0,0,0,2654128,0,0,0,2654308,0,0,0,2654219,0,0,0,2654328,0,0,0,2654044,0,0,0,2654327,0,0,0,2654297,0,0,0,2654269,0,0,0,2654221,0,0,0,2654359,0,0,0,2654291,0,0,0,2654258,0,0,0,2654186,0,0,0,2654299,0,0,0,2654267,0,0,0,2654265,0,0,0,2654080,0,0,0,2654225,0,0,0,64,11561345,0,0,11562442,0,0,11561439,0,0,11562332,0,0,11561380,0,0,11562365,0,0,11561459,0,0,11562337,0,0,11561368,0,0,11562324,0,0,11561367,0,0,11562309,0,0,11561397,0,0,11562418,0,0,11561458,0,0,11562303,0,0,11561371,0,0,11562488,0,0,11561486,0,0,11562294,0,0,11561345,0,0,11562331,0,0,11561363,0,0,11562307,0,0,11561356,0,0,11562466,0,0,11561415,0,0,11562301,0,0,11561340,0,0,11562449,0,0,11561430,0,0,11562327,0,0,64,2647563580,298742638,139699200,22848000,102575640,151450198,15993600,0,26188209728.0,10259282112.0,232321415807.0,35722121.0,0.0,2001723582.0,0,379827270,24095048,0.0,0.0,90960.0,0.0,64,5222400,0,0,326400,0,0,0,0,0.0,0.0,0.0,0.0,0.0,0.0,0,1958400,0.0,0.0,0.0,87.0,64,10444800,24179136,0,0,10444800,24179136,0,0,10444800,24179136,0,0,10444800,24179136,0,0,10444800,24179136,0,0,10444800,24179136,0,0,10444800,24179136,0,0,10444800,24179136,0,0,10444800,24179136,0,0,10444800,24179136,0,0,10444800,24179136,0,0,10444800,24179136,0,0,10444800,24179136,0,0,10444800,24179136,0,0,10444800,24179136,0,0,10444800,24179136,0,0,10444800,24179136,0,0,10444800,24179136,0,0,10444800,24179136,0,0,10444800,24179136,0,0,10444800,24179136,0,0,10444800,24179136,0,0,10444800,24179136,0,0,10444800,24179136,0,0,10444800,24179136,0,0,10444800,24179136,0,0,10444800,24179136,0,0,10444800,24179136,0,0,10444800,24179136,0,0,10444800,24179136,0,0,10444800,24179136,0,0,10444800,24179136,0,0,64,193394344,193223180,326400,2896672326,5572625139,0,288,0,24174292,24174292,2898645986.0,2844805683.0,388018.0,702071320.0,2702919279.0,22848000.0,2833404411.0,2775039958.0,193394336,193232635,24174292,0,24174292,1545,773577344.0,772695456.0,6.0,0.0,6350370880457327.0,6350370896922773.0
